0.00	0.00	25.30	0.00000
1.00	2.80	25.30	98.42255
2.00	8.00	25.30	34.79570
3.00	1.46	25.30	18.94024
4.00	2.25	25.30	12.30227
5.00	3.15	25.30	8.80308
6.00	4.14	25.30	6.69703
7.00	5.22	25.30	5.31478
8.00	6.37	25.30	4.35035
9.00	7.60	25.30	3.64606
10.00	8.90	25.30	3.11328
11.00	10.27	25.30	2.69875
12.00	11.70	25.30	2.36872
13.00	13.19	25.30	2.10090
14.00	14.74	25.30	1.88003
15.00	16.35	25.30	1.69534
16.00	18.01	25.30	1.53905
17.00	19.72	25.30	1.40540
18.00	21.49	25.30	1.29004
19.00	23.30	25.30	1.18966
20.00	25.16	25.30	1.10167
21.00	27.07	25.30	1.02402
22.00	29.02	25.30	0.95510
23.00	31.02	25.30	0.89358
24.00	33.06	25.30	0.83840
25.00	35.15	25.30	0.78869
26.00	37.27	25.30	0.74370
27.00	39.44	25.30	0.70284
28.00	41.64	25.30	0.66560
29.00	43.89	25.30	0.63154
30.00	46.18	25.30	0.60029
31.00	48.50	25.30	0.57154
32.00	50.86	25.30	0.54502
33.00	53.25	25.30	0.52049
34.00	55.69	25.30	0.49775
35.00	58.16	25.30	0.47663
36.00	60.66	25.30	0.45696
37.00	63.20	25.30	0.43861
38.00	65.77	25.30	0.42146
39.00	68.37	25.30	0.40540
40.00	71.01	25.30	0.39033
41.00	73.68	25.30	0.37618
42.00	76.39	25.30	0.36287
43.00	79.12	25.30	0.35033
44.00	81.89	25.30	0.33849
45.00	84.69	25.30	0.32731
46.00	87.51	25.30	0.31673
47.00	90.37	25.30	0.30671
48.00	93.26	25.30	0.29721
49.00	96.18	25.30	0.28820
50.00	99.13	25.30	0.27963
51.00	102.10	25.30	0.27148
52.00	105.11	25.30	0.26371
53.00	108.14	25.30	0.25632
54.00	111.20	25.30	0.24926
55.00	114.29	25.30	0.24252
56.00	117.41	25.30	0.23608
57.00	120.55	25.30	0.22993
58.00	123.73	25.30	0.22403
59.00	126.92	25.30	0.21839
60.00	130.15	25.30	0.21298
61.00	133.40	25.30	0.20779
62.00	136.68	25.30	0.20281
63.00	139.98	25.30	0.19802
64.00	143.31	25.30	0.19342
65.00	146.66	25.30	0.18900
66.00	150.04	25.30	0.18474
67.00	153.44	25.30	0.18064
68.00	156.87	25.30	0.17670
69.00	160.32	25.30	0.17289
70.00	163.80	25.30	0.16922
71.00	167.30	25.30	0.16568
72.00	170.83	25.30	0.16226
73.00	174.38	25.30	0.15896
74.00	177.95	25.30	0.15577
75.00	181.55	25.30	0.15268
76.00	185.17	25.30	0.14970
77.00	188.81	25.30	0.14681
78.00	192.47	25.30	0.14401
79.00	196.16	25.30	0.14131
80.00	199.87	25.30	0.13868
81.00	203.61	25.30	0.13614
82.00	207.36	25.30	0.13367
83.00	211.14	25.30	0.13128
84.00	214.94	25.30	0.12896
85.00	218.76	25.30	0.12671
86.00	222.60	25.30	0.12452
87.00	226.47	25.30	0.12240
88.00	230.35	25.30	0.12033
89.00	234.26	25.30	0.11832
90.00	238.19	25.30	0.11637
91.00	242.14	25.30	0.11448
92.00	246.11	25.30	0.11263
93.00	250.10	25.30	0.11083
94.00	254.11	25.30	0.10908
95.00	258.14	25.30	0.10738
96.00	262.19	25.30	0.10572
97.00	266.27	25.30	0.10410
98.00	270.36	25.30	0.10253
99.00	274.47	25.30	0.10099
100.00	278.60	25.30	0.09949
101.00	282.75	25.30	0.09803
102.00	286.93	25.30	0.09661
103.00	291.12	25.30	0.09522
104.00	295.33	25.30	0.09386
105.00	299.56	25.30	0.09253
106.00	303.81	25.30	0.09124
107.00	308.07	25.30	0.08997
108.00	312.36	25.30	0.08874
109.00	316.67	25.30	0.08753
110.00	320.99	25.30	0.08635
111.00	325.34	25.30	0.08520
112.00	329.70	25.30	0.08407
113.00	334.08	25.30	0.08297
114.00	338.48	25.30	0.08189
115.00	342.89	25.30	0.08084
116.00	347.33	25.30	0.07981
117.00	351.78	25.30	0.07880
118.00	356.25	25.30	0.07781
119.00	360.74	25.30	0.07684
120.00	365.25	25.30	0.07589
121.00	369.77	25.30	0.07496
122.00	374.32	25.30	0.07405
123.00	378.88	25.30	0.07316
124.00	383.45	25.30	0.07229
125.00	388.05	25.30	0.07143
126.00	392.66	25.30	0.07059
127.00	397.29	25.30	0.06977
128.00	401.94	25.30	0.06896
129.00	406.60	25.30	0.06817
130.00	411.28	25.30	0.06740
131.00	415.98	25.30	0.06664
132.00	420.69	25.30	0.06589
133.00	425.42	25.30	0.06516
134.00	430.17	25.30	0.06444
135.00	434.94	25.30	0.06373
136.00	439.72	25.30	0.06304
137.00	444.51	25.30	0.06236
138.00	449.33	25.30	0.06169
139.00	454.16	25.30	0.06103
140.00	459.00	25.30	0.06039
141.00	463.86	25.30	0.05976
142.00	468.74	25.30	0.05913
143.00	473.64	25.30	0.05852
144.00	478.55	25.30	0.05792
145.00	483.47	25.30	0.05733
146.00	488.42	25.30	0.05675
147.00	493.37	25.30	0.05618
148.00	498.35	25.30	0.05562
149.00	503.33	25.30	0.05507
150.00	508.34	25.30	0.05453
151.00	513.36	25.30	0.05399
152.00	518.39	25.30	0.05347
153.00	523.44	25.30	0.05295
154.00	528.51	25.30	0.05245
155.00	533.59	25.30	0.05195
156.00	538.69	25.30	0.05146
157.00	543.80	25.30	0.05097
158.00	548.93	25.30	0.05050
159.00	554.07	25.30	0.05003
160.00	559.22	25.30	0.04957
161.00	564.39	25.30	0.04911
162.00	569.58	25.30	0.04867
163.00	574.78	25.30	0.04823
164.00	579.99	25.30	0.04779
165.00	585.22	25.30	0.04736
166.00	590.47	25.30	0.04694
167.00	595.73	25.30	0.04653
168.00	601.00	25.30	0.04612
169.00	606.29	25.30	0.04572
170.00	611.59	25.30	0.04532
171.00	616.91	25.30	0.04493
172.00	622.24	24.90	0.02305
173.00	627.58	24.90	0.02285
174.00	632.94	24.90	0.02266
175.00	638.31	24.90	0.02247
176.00	643.70	24.90	0.02228
177.00	649.10	24.90	0.02210
178.00	654.52	24.90	0.02191
179.00	659.94	24.90	0.02173
180.00	665.39	24.90	0.02156
181.00	670.84	24.90	0.02138
182.00	676.31	24.90	0.02121
183.00	681.80	24.90	0.02104
184.00	687.29	24.90	0.02087
185.00	692.80	24.90	0.02070
186.00	698.33	24.90	0.02054
187.00	703.86	24.90	0.02038
188.00	709.41	24.90	0.02022
189.00	714.98	24.90	0.02006
190.00	720.56	24.90	0.01991
191.00	726.15	24.90	0.01975
192.00	731.75	24.90	0.01960
193.00	737.37	24.90	0.01945
194.00	743.00	24.90	0.01930
195.00	748.64	24.90	0.01916
196.00	754.30	24.90	0.01902
197.00	759.97	24.90	0.01887
198.00	765.65	24.90	0.01873
199.00	771.34	24.90	0.01860
200.00	777.05	24.90	0.01846
201.00	782.77	24.90	0.01832
202.00	788.51	24.90	0.01819
203.00	794.25	24.90	0.01806
204.00	800.01	24.90	0.01793
205.00	805.78	24.90	0.01780
206.00	811.57	24.90	0.01767
207.00	817.36	24.90	0.01755
208.00	823.17	24.90	0.01742
209.00	828.99	24.90	0.01730
210.00	834.83	24.90	0.01718
211.00	840.67	24.90	0.01706
212.00	846.53	24.90	0.01694
213.00	852.40	24.90	0.01683
214.00	858.29	24.90	0.01671
215.00	864.18	24.90	0.01660
216.00	870.09	24.90	0.01648
217.00	876.01	24.90	0.01637
218.00	881.94	24.90	0.01626
219.00	887.89	24.90	0.01615
220.00	893.84	24.90	0.01605
221.00	899.81	24.90	0.01594
222.00	905.79	24.90	0.01584
223.00	911.78	24.90	0.01573
224.00	917.79	25.00	0.00874
225.00	923.80	25.00	0.00868
226.00	929.83	25.00	0.00863
227.00	935.87	25.00	0.00857
228.00	941.92	25.00	0.00852
229.00	947.98	25.00	0.00846
230.00	954.05	25.00	0.00841
231.00	960.14	25.00	0.00836
232.00	966.24	25.00	0.00830
233.00	972.34	25.00	0.00825
234.00	978.46	25.00	0.00820
235.00	984.60	25.00	0.00815
236.00	990.74	25.00	0.00810
237.00	996.89	25.00	0.00805
238.00	1003.06	25.00	0.00800
239.00	1009.24	25.00	0.00795
240.00	1015.42	25.00	0.00790
241.00	1021.62	25.00	0.00785
242.00	1027.83	25.00	0.00781
243.00	1034.06	25.00	0.00776
244.00	1040.29	25.00	0.00771
245.00	1046.53	25.00	0.00767
246.00	1052.79	25.00	0.00762
247.00	1059.06	25.00	0.00758
248.00	1065.33	25.00	0.00753
249.00	1071.62	25.00	0.00749
250.00	1077.92	25.00	0.00744
251.00	1084.23	25.00	0.00740
252.00	1090.55	25.00	0.00736
253.00	1096.88	25.00	0.00731
254.00	1103.22	25.00	0.00727
255.00	1109.58	25.00	0.00723
256.00	1115.94	25.00	0.00719
257.00	1122.32	25.00	0.00715
258.00	1128.70	25.00	0.00711
259.00	1135.10	25.00	0.00707
260.00	1141.50	25.00	0.00703
261.00	1147.92	25.00	0.00699
262.00	1154.35	25.00	0.00695
263.00	1160.79	25.00	0.00691
264.00	1167.24	25.00	0.00687
265.00	1173.70	25.00	0.00684
266.00	1180.17	25.00	0.00680
267.00	1186.65	25.00	0.00676
268.00	1193.14	25.00	0.00672
269.00	1199.64	25.00	0.00669
270.00	1206.15	25.00	0.00665
271.00	1212.67	25.00	0.00662
272.00	1219.20	25.10	0.00515
273.00	1225.74	25.10	0.00512
274.00	1232.29	25.10	0.00509
275.00	1238.86	25.10	0.00506
276.00	1245.43	25.10	0.00504
277.00	1252.01	25.10	0.00501
278.00	1258.60	25.10	0.00499
279.00	1265.21	25.10	0.00496
280.00	1271.82	25.10	0.00493
281.00	1278.44	25.10	0.00491
282.00	1285.07	25.10	0.00488
283.00	1291.72	25.10	0.00486
284.00	1298.37	25.10	0.00483
285.00	1305.03	25.10	0.00481
286.00	1311.70	25.10	0.00478
287.00	1318.38	25.10	0.00476
288.00	1325.08	25.10	0.00474
289.00	1331.78	25.10	0.00471
290.00	1338.49	25.10	0.00469
291.00	1345.21	25.10	0.00466
292.00	1351.94	25.10	0.00464
293.00	1358.68	25.10	0.00462
294.00	1365.43	25.10	0.00460
295.00	1372.19	25.10	0.00457
296.00	1378.96	25.10	0.00455
297.00	1385.73	25.10	0.00453
298.00	1392.52	25.10	0.00451
299.00	1399.32	25.10	0.00448
300.00	1406.13	25.10	0.00446
301.00	1412.94	25.10	0.00444
302.00	1419.77	25.10	0.00442
303.00	1426.60	25.10	0.00440
304.00	1433.45	25.10	0.00438
305.00	1440.30	25.10	0.00436
306.00	1447.16	25.10	0.00434
307.00	1454.04	25.10	0.00432
308.00	1460.92	25.10	0.00429
309.00	1467.81	25.10	0.00427
310.00	1474.71	25.10	0.00425
311.00	1481.62	25.10	0.00423
312.00	1488.54	25.10	0.00422
313.00	1495.46	25.10	0.00420
314.00	1502.40	25.10	0.00418
315.00	1509.35	25.10	0.00416
316.00	1516.30	25.10	0.00004
317.00	1523.26	25.10	0.00003
318.00	1530.24	25.10	0.00003
319.00	1537.22	25.10	0.00003
320.00	1544.21	25.10	0.00003
321.00	1551.21	25.10	0.00003
322.00	1558.22	25.10	0.00003
323.00	1565.23	25.10	0.00003
324.00	1572.26	25.10	0.00003
325.00	1579.29	25.10	0.00003
326.00	1586.34	25.10	0.00003
327.00	1593.39	25.10	0.00003
328.00	1600.45	25.10	0.00003
329.00	1607.52	25.10	0.00003
330.00	1614.60	25.10	0.00003
331.00	1621.69	25.10	0.00003
332.00	1628.78	25.10	0.00003
333.00	1635.89	25.10	0.00003
334.00	1643.00	25.10	0.00003
335.00	1650.12	25.10	0.00003
336.00	1657.26	25.10	0.00003
337.00	1664.39	25.10	0.00003
338.00	1671.54	25.10	0.00003
339.00	1678.70	25.10	0.00003
340.00	1685.86	25.10	0.00003
341.00	1693.04	25.10	0.00003
342.00	1700.22	25.10	0.00003
343.00	1707.41	25.10	0.00003
344.00	1714.61	25.10	0.00003
345.00	1721.81	25.10	0.00003
346.00	1729.03	25.10	0.00003
347.00	1736.25	25.10	0.00003
348.00	1743.48	25.10	0.00003
349.00	1750.72	25.10	0.00003
350.00	1757.97	25.10	0.00003
351.00	1765.23	25.10	0.00003
352.00	1772.49	25.10	0.00003
353.00	1779.76	25.10	0.00003
354.00	1787.05	25.10	0.00003
355.00	1794.34	25.10	0.00003
356.00	1801.63	25.10	0.00003
357.00	1808.94	25.10	0.00003
358.00	1816.25	25.20	0.00003
359.00	1823.57	25.20	0.00003
360.00	1830.90	25.20	0.00003
361.00	1838.24	25.20	0.00003
362.00	1845.59	25.20	0.00003
363.00	1852.94	25.20	0.00003
364.00	1860.30	25.20	0.00003
365.00	1867.67	25.20	0.00003
366.00	1875.05	25.20	0.00003
367.00	1882.43	25.20	0.00003
368.00	1889.83	25.20	0.00003
369.00	1897.23	25.20	0.00003
370.00	1904.64	25.20	0.00003
371.00	1912.05	25.20	0.00003
372.00	1919.48	25.20	0.00003
373.00	1926.91	25.20	0.00003
374.00	1934.35	25.20	0.00003
375.00	1941.80	25.20	0.00003
376.00	1949.25	25.20	0.00003
377.00	1956.72	25.20	0.00003
378.00	1964.19	25.20	0.00003
379.00	1971.67	25.20	0.00003
380.00	1979.15	25.20	0.00003
381.00	1986.65	25.20	0.00003
382.00	1994.15	25.20	0.00003
383.00	2001.66	25.20	0.00003
384.00	2009.17	25.20	0.00003
385.00	2016.70	25.20	0.00003
386.00	2024.23	25.20	0.00003
387.00	2031.77	25.20	0.00003
388.00	2039.31	25.20	0.00003
389.00	2046.87	25.20	0.00003
390.00	2054.43	25.20	0.00003
391.00	2062.00	25.20	0.00003
392.00	2069.57	25.20	0.00003
393.00	2077.16	25.20	0.00003
394.00	2084.75	25.20	0.00003
395.00	2092.35	25.20	0.00003
396.00	2099.95	25.20	0.00003
397.00	2107.56	25.20	0.00003
398.00	2115.19	25.20	0.00215
399.00	2122.81	25.20	0.00214
400.00	2130.45	25.20	0.00214
401.00	2138.09	25.20	0.00213
402.00	2145.74	25.20	0.00212
403.00	2153.39	25.20	0.00211
404.00	2161.06	25.20	0.00211
405.00	2168.73	25.20	0.00210
406.00	2176.41	25.20	0.00209
407.00	2184.09	25.20	0.00208
408.00	2191.78	25.20	0.00208
409.00	2199.48	25.20	0.00207
410.00	2207.19	25.20	0.00206
411.00	2214.90	25.20	0.00206
412.00	2222.62	25.20	0.00205
413.00	2230.35	25.20	0.00204
414.00	2238.08	25.20	0.00203
415.00	2245.82	25.20	0.00203
416.00	2253.57	25.20	0.00202
417.00	2261.33	25.20	0.00201
418.00	2269.09	25.20	0.00201
419.00	2276.86	25.20	0.00200
420.00	2284.63	25.20	0.00199
421.00	2292.42	25.20	0.00199
422.00	2300.21	25.20	0.00198
423.00	2308.00	25.20	0.00197
424.00	2315.80	25.20	0.00197
425.00	2323.61	25.20	0.00196
426.00	2331.43	25.20	0.00195
427.00	2339.25	25.20	0.00195
428.00	2347.08	25.20	0.00194
429.00	2354.92	25.20	0.00193
430.00	2362.77	25.20	0.00193
431.00	2370.62	25.20	0.00192
432.00	2378.47	25.20	0.00191
433.00	2386.34	25.20	0.00191
434.00	2394.21	25.20	0.00190
435.00	2402.08	25.20	0.00190
436.00	2409.97	25.20	0.00144
437.00	2417.86	25.20	0.00143
438.00	2425.75	25.20	0.00143
439.00	2433.66	25.20	0.00143
440.00	2441.57	25.20	0.00142
441.00	2449.48	25.20	0.00142
442.00	2457.40	25.20	0.00141
443.00	2465.33	25.20	0.00141
444.00	2473.27	25.20	0.00140
445.00	2481.21	25.20	0.00140
446.00	2489.16	25.20	0.00139
447.00	2497.11	25.20	0.00139
448.00	2505.08	25.20	0.00138
449.00	2513.04	25.20	0.00138
450.00	2521.02	25.20	0.00138
451.00	2529.00	25.20	0.00137
452.00	2536.98	25.20	0.00137
453.00	2544.98	25.20	0.00136
454.00	2552.98	25.20	0.00136
455.00	2560.98	25.20	0.00135
456.00	2568.99	25.20	0.00135
457.00	2577.01	25.20	0.00135
458.00	2585.04	25.20	0.00134
459.00	2593.07	25.20	0.00134
460.00	2601.10	25.20	0.00133
461.00	2609.15	25.20	0.00133
462.00	2617.20	25.20	0.00133
463.00	2625.25	25.20	0.00132
464.00	2633.31	25.20	0.00132
465.00	2641.38	25.20	0.00131
466.00	2649.45	25.20	0.00131
467.00	2657.53	25.20	0.00131
468.00	2665.62	25.20	0.00130
469.00	2673.71	25.20	0.00130
470.00	2681.81	25.20	0.00129
471.00	2689.91	25.20	0.00129
472.00	2698.02	25.20	0.00129
473.00	2706.14	25.20	0.00128
474.00	2714.26	25.20	0.00082
475.00	2722.39	25.20	0.00082
476.00	2730.52	25.20	0.00082
477.00	2738.66	25.20	0.00082
478.00	2746.81	25.20	0.00081
479.00	2754.96	25.20	0.00081
480.00	2763.11	25.20	0.00081
481.00	2771.28	25.20	0.00081
482.00	2779.45	25.20	0.00080
483.00	2787.62	25.20	0.00080
484.00	2795.80	25.20	0.00080
485.00	2803.99	25.20	0.00080
486.00	2812.18	25.20	0.00079
487.00	2820.38	25.20	0.00079
488.00	2828.58	25.20	0.00079
489.00	2836.79	25.20	0.00079
490.00	2845.01	25.20	0.00079
491.00	2853.23	25.20	0.00078
492.00	2861.46	25.20	0.00078
493.00	2869.69	25.20	0.00078
494.00	2877.93	25.20	0.00078
495.00	2886.17	25.20	0.00077
496.00	2894.42	25.20	0.00077
497.00	2902.67	25.20	0.00077
498.00	2910.94	25.20	0.00077
499.00	2919.20	25.20	0.00077
500.00	2927.47	25.20	0.00076
501.00	2935.75	25.20	0.00076
502.00	2944.03	25.20	0.00076
503.00	2952.32	25.20	0.00076
504.00	2960.62	25.20	0.00075
505.00	2968.92	25.20	0.00075
506.00	2977.22	25.20	0.00075
507.00	2985.53	25.20	0.00075
508.00	2993.85	25.20	0.00075
509.00	3002.17	25.20	0.00074
510.00	3010.49	25.20	0.00074
511.00	3018.83	25.30	0.00099
512.00	3027.16	25.30	0.00098
513.00	3035.51	25.30	0.00098
514.00	3043.86	25.30	0.00098
515.00	3052.21	25.30	0.00098
516.00	3060.57	25.30	0.00097
517.00	3068.93	25.30	0.00097
518.00	3077.30	25.30	0.00097
519.00	3085.68	25.30	0.00096
520.00	3094.06	25.30	0.00096
521.00	3102.44	25.30	0.00096
522.00	3110.83	25.30	0.00096
523.00	3119.23	25.30	0.00095
524.00	3127.63	25.30	0.00095
525.00	3136.04	25.30	0.00095
526.00	3144.45	25.30	0.00095
527.00	3152.87	25.30	0.00094
528.00	3161.29	25.30	0.00094
529.00	3169.72	25.30	0.00094
530.00	3178.15	25.30	0.00094
531.00	3186.59	25.30	0.00093
532.00	3195.03	25.30	0.00093
533.00	3203.48	25.30	0.00093
534.00	3211.93	25.30	0.00093
535.00	3220.39	25.30	0.00092
536.00	3228.85	25.30	0.00092
537.00	3237.32	25.30	0.00092
538.00	3245.79	25.30	0.00092
539.00	3254.27	25.30	0.00091
540.00	3262.75	25.30	0.00091
541.00	3271.24	25.30	0.00091
542.00	3279.73	25.30	0.00091
543.00	3288.23	25.30	0.00091
544.00	3296.73	25.30	0.00090
545.00	3305.24	25.30	0.00090
546.00	3313.75	25.30	0.00090
547.00	3322.27	25.20	0.00027
548.00	3330.79	25.20	0.00027
549.00	3339.32	25.20	0.00027
550.00	3347.85	25.20	0.00027
551.00	3356.39	25.20	0.00027
552.00	3364.93	25.20	0.00027
553.00	3373.48	25.20	0.00027
554.00	3382.03	25.20	0.00027
555.00	3390.59	25.20	0.00027
556.00	3399.15	25.20	0.00027
557.00	3407.72	25.20	0.00027
558.00	3416.29	25.20	0.00026
559.00	3424.86	25.20	0.00026
560.00	3433.44	25.20	0.00026
561.00	3442.03	25.20	0.00026
562.00	3450.62	25.20	0.00026
563.00	3459.21	25.20	0.00026
564.00	3467.81	25.20	0.00026
565.00	3476.41	25.20	0.00026
566.00	3485.02	25.20	0.00026
567.00	3493.63	25.20	0.00026
568.00	3502.25	25.20	0.00026
569.00	3510.87	25.20	0.00026
570.00	3519.50	25.20	0.00026
571.00	3528.13	25.20	0.00026
572.00	3536.77	25.20	0.00026
573.00	3545.41	25.20	0.00025
574.00	3554.05	25.20	0.00025
575.00	3562.70	25.20	0.00025
576.00	3571.36	25.20	0.00025
577.00	3580.02	25.20	0.00025
578.00	3588.68	25.20	0.00025
579.00	3597.35	25.20	0.00025
580.00	3606.02	25.20	0.00025
581.00	3614.70	25.20	0.00025
582.00	3623.38	25.30	0.00063
583.00	3632.06	25.30	0.00063
584.00	3640.75	25.30	0.00063
585.00	3649.45	25.30	0.00063
586.00	3658.15	25.30	0.00062
587.00	3666.85	25.30	0.00062
588.00	3675.56	25.30	0.00062
589.00	3684.27	25.30	0.00062
590.00	3692.98	25.30	0.00062
591.00	3701.70	25.30	0.00062
592.00	3710.43	25.30	0.00062
593.00	3719.16	25.30	0.00061
594.00	3727.89	25.30	0.00061
595.00	3736.63	25.30	0.00061
596.00	3745.37	25.30	0.00061
597.00	3754.12	25.30	0.00061
598.00	3762.87	25.30	0.00061
599.00	3771.62	25.30	0.00061
600.00	3780.38	25.30	0.00060
601.00	3789.14	25.30	0.00060
602.00	3797.91	25.30	0.00060
603.00	3806.68	25.30	0.00060
604.00	3815.46	25.30	0.00060
605.00	3824.24	25.30	0.00060
606.00	3833.02	25.30	0.00060
607.00	3841.81	25.30	0.00059
608.00	3850.60	25.30	0.00059
609.00	3859.40	25.30	0.00059
610.00	3868.20	25.30	0.00059
611.00	3877.00	25.30	0.00059
612.00	3885.81	25.30	0.00059
613.00	3894.62	25.30	0.00059
614.00	3903.44	25.30	0.00059
615.00	3912.26	25.30	0.00058
616.00	3921.08	25.30	0.00058
617.00	3929.91	25.20	0.00017
618.00	3938.74	25.20	0.00017
619.00	3947.58	25.20	0.00017
620.00	3956.42	25.20	0.00017
621.00	3965.27	25.20	0.00017
622.00	3974.11	25.20	0.00017
623.00	3982.97	25.20	0.00017
624.00	3991.82	25.20	0.00017
625.00	4000.68	25.20	0.00017
626.00	4009.55	25.20	0.00017
627.00	4018.41	25.20	0.00017
628.00	4027.29	25.20	0.00017
629.00	4036.16	25.20	0.00016
630.00	4045.04	25.20	0.00016
631.00	4053.92	25.20	0.00016
632.00	4062.81	25.20	0.00016
633.00	4071.70	25.20	0.00016
634.00	4080.60	25.20	0.00016
635.00	4089.49	25.20	0.00016
636.00	4098.40	25.20	0.00016
637.00	4107.30	25.20	0.00016
638.00	4116.21	25.20	0.00016
639.00	4125.13	25.20	0.00016
640.00	4134.04	25.20	0.00016
641.00	4142.96	25.20	0.00016
642.00	4151.89	25.20	0.00016
643.00	4160.82	25.20	0.00016
644.00	4169.75	25.20	0.00016
645.00	4178.68	25.20	0.00016
646.00	4187.62	25.20	0.00016
647.00	4196.57	25.20	0.00016
648.00	4205.51	25.20	0.00016
649.00	4214.46	25.20	0.00016
650.00	4223.42	25.20	0.00016
651.00	4232.37	25.30	0.00095
652.00	4241.33	25.30	0.00095
653.00	4250.30	25.30	0.00094
654.00	4259.27	25.30	0.00094
655.00	4268.24	25.30	0.00094
656.00	4277.21	25.30	0.00094
657.00	4286.19	25.30	0.00094
658.00	4295.17	25.30	0.00093
659.00	4304.16	25.30	0.00093
660.00	4313.15	25.30	0.00093
661.00	4322.14	25.30	0.00093
662.00	4331.14	25.30	0.00093
663.00	4340.14	25.30	0.00092
664.00	4349.14	25.30	0.00092
665.00	4358.15	25.30	0.00092
666.00	4367.16	25.30	0.00092
667.00	4376.17	25.30	0.00092
668.00	4385.18	25.30	0.00091
669.00	4394.20	25.30	0.00091
670.00	4403.23	25.30	0.00091
671.00	4412.25	25.30	0.00091
672.00	4421.28	25.30	0.00091
673.00	4430.32	25.30	0.00091
674.00	4439.35	25.30	0.00090
675.00	4448.39	25.30	0.00090
676.00	4457.44	25.30	0.00090
677.00	4466.48	25.30	0.00090
678.00	4475.53	25.30	0.00090
679.00	4484.59	25.30	0.00089
680.00	4493.64	25.30	0.00089
681.00	4502.70	25.30	0.00089
682.00	4511.77	25.30	0.00089
683.00	4520.83	25.30	0.00180
684.00	4529.90	25.30	0.00180
685.00	4538.97	25.30	0.00180
686.00	4548.05	25.30	0.00179
687.00	4557.13	25.30	0.00179
688.00	4566.21	25.30	0.00178
689.00	4575.29	25.30	0.00178
690.00	4584.38	25.30	0.00178
691.00	4593.47	25.30	0.00177
692.00	4602.57	25.30	0.00177
693.00	4611.67	25.30	0.00177
694.00	4620.77	25.30	0.00176
695.00	4629.87	25.30	0.00176
696.00	4638.98	25.30	0.00176
697.00	4648.09	25.30	0.00175
698.00	4657.20	25.30	0.00175
699.00	4666.32	25.30	0.00175
700.00	4675.43	25.30	0.00174
701.00	4684.56	25.30	0.00174
702.00	4693.68	25.30	0.00174
703.00	4702.81	25.30	0.00173
704.00	4711.94	25.30	0.00173
705.00	4721.07	25.30	0.00173
706.00	4730.21	25.30	0.00172
707.00	4739.35	25.30	0.00172
708.00	4748.49	25.30	0.00172
709.00	4757.64	25.30	0.00171
710.00	4766.79	25.30	0.00171
711.00	4775.94	25.30	0.00171
712.00	4785.09	25.30	0.00170
713.00	4794.25	25.30	0.00170
714.00	4803.41	25.30	0.00170
715.00	4812.58	25.30	0.00169
716.00	4821.74	25.20	0.00229
717.00	4830.91	25.20	0.00228
718.00	4840.08	25.20	0.00228
719.00	4849.26	25.20	0.00227
720.00	4858.43	25.20	0.00227
721.00	4867.61	25.20	0.00226
722.00	4876.80	25.20	0.00226
723.00	4885.98	25.20	0.00226
724.00	4895.17	25.20	0.00225
725.00	4904.36	25.20	0.00225
726.00	4913.55	25.20	0.00224
727.00	4922.75	25.20	0.00224
728.00	4931.95	25.20	0.00223
729.00	4941.15	25.20	0.00223
730.00	4950.36	25.20	0.00223
731.00	4959.56	25.20	0.00222
732.00	4968.77	25.20	0.00222
733.00	4977.99	25.20	0.00221
734.00	4987.20	25.20	0.00221
735.00	4996.42	25.20	0.00221
736.00	5005.64	25.20	0.00220
737.00	5014.86	25.20	0.00220
738.00	5024.09	25.20	0.00219
739.00	5033.32	25.20	0.00219
740.00	5042.55	25.20	0.00219
741.00	5051.78	25.20	0.00218
742.00	5061.02	25.20	0.00218
743.00	5070.26	25.20	0.00217
744.00	5079.50	25.20	0.00217
745.00	5088.74	25.20	0.00217
746.00	5097.99	25.20	0.00216
747.00	5107.24	25.20	0.00216
748.00	5116.49	25.20	0.00215
749.00	5125.74	25.30	0.00061
750.00	5135.00	25.30	0.00061
751.00	5144.26	25.30	0.00061
752.00	5153.52	25.30	0.00060
753.00	5162.78	25.30	0.00060
754.00	5172.05	25.30	0.00060
755.00	5181.31	25.30	0.00060
756.00	5190.59	25.30	0.00060
757.00	5199.86	25.30	0.00060
758.00	5209.13	25.30	0.00060
759.00	5218.41	25.30	0.00060
760.00	5227.69	25.30	0.00060
761.00	5236.98	25.30	0.00059
762.00	5246.26	25.30	0.00059
763.00	5255.55	25.30	0.00059
764.00	5264.84	25.30	0.00059
765.00	5274.13	25.30	0.00059
766.00	5283.42	25.30	0.00059
767.00	5292.72	25.30	0.00059
768.00	5302.02	25.30	0.00059
769.00	5311.32	25.30	0.00059
770.00	5320.62	25.30	0.00059
771.00	5329.93	25.30	0.00058
772.00	5339.24	25.30	0.00058
773.00	5348.55	25.30	0.00058
774.00	5357.86	25.30	0.00058
775.00	5367.18	25.30	0.00058
776.00	5376.49	25.30	0.00058
777.00	5385.81	25.30	0.00058
778.00	5395.13	25.30	0.00058
779.00	5404.46	25.30	0.00058
780.00	5413.78	25.30	0.00058
781.00	5423.11	25.30	0.00119
782.00	5432.44	25.30	0.00119
783.00	5441.77	25.30	0.00119
784.00	5451.11	25.30	0.00118
785.00	5460.44	25.30	0.00118
786.00	5469.78	25.30	0.00118
787.00	5479.12	25.30	0.00118
788.00	5488.46	25.30	0.00118
789.00	5497.81	25.30	0.00117
790.00	5507.15	25.30	0.00117
791.00	5516.50	25.30	0.00117
792.00	5525.85	25.30	0.00117
793.00	5535.21	25.30	0.00117
794.00	5544.56	25.30	0.00116
795.00	5553.92	25.30	0.00116
796.00	5563.28	25.30	0.00116
797.00	5572.64	25.30	0.00116
798.00	5582.00	25.30	0.00116
799.00	5591.36	25.30	0.00115
800.00	5600.73	25.30	0.00115
801.00	5610.10	25.30	0.00115
802.00	5619.47	25.30	0.00115
803.00	5628.84	25.30	0.00115
804.00	5638.21	25.30	0.00114
805.00	5647.59	25.30	0.00114
806.00	5656.97	25.30	0.00114
807.00	5666.35	25.30	0.00114
808.00	5675.73	25.30	0.00114
809.00	5685.11	25.30	0.00114
810.00	5694.50	25.30	0.00113
811.00	5703.89	25.30	0.00113
812.00	5713.28	25.30	0.00113
813.00	5722.67	25.30	0.00113
814.00	5732.06	25.20	0.00068
815.00	5741.45	25.20	0.00068
816.00	5750.85	25.20	0.00068
817.00	5760.25	25.20	0.00068
818.00	5769.65	25.20	0.00068
819.00	5779.05	25.20	0.00067
820.00	5788.45	25.20	0.00067
821.00	5797.86	25.20	0.00067
822.00	5807.27	25.20	0.00067
823.00	5816.67	25.20	0.00067
824.00	5826.08	25.20	0.00067
825.00	5835.50	25.20	0.00067
826.00	5844.91	25.20	0.00067
827.00	5854.32	25.20	0.00067
828.00	5863.74	25.20	0.00066
829.00	5873.16	25.20	0.00066
830.00	5882.58	25.20	0.00066
831.00	5892.00	25.20	0.00066
832.00	5901.43	25.20	0.00066
833.00	5910.85	25.20	0.00066
834.00	5920.28	25.20	0.00066
835.00	5929.71	25.20	0.00066
836.00	5939.14	25.20	0.00066
837.00	5948.57	25.20	0.00065
838.00	5958.00	25.20	0.00065
839.00	5967.43	25.20	0.00065
840.00	5976.87	25.20	0.00065
841.00	5986.31	25.20	0.00065
842.00	5995.75	25.20	0.00065
843.00	6005.19	25.20	0.00065
844.00	6014.63	25.20	0.00065
845.00	6024.07	25.20	0.00065
846.00	6033.52	25.30	0.00054
847.00	6042.96	25.30	0.00054
848.00	6052.41	25.30	0.00054
849.00	6061.86	25.30	0.00054
850.00	6071.31	25.30	0.00054
851.00	6080.77	25.30	0.00054
852.00	6090.22	25.30	0.00054
853.00	6099.67	25.30	0.00054
854.00	6109.13	25.30	0.00054
855.00	6118.59	25.30	0.00054
856.00	6128.05	25.30	0.00054
857.00	6137.51	25.30	0.00053
858.00	6146.97	25.30	0.00053
859.00	6156.43	25.30	0.00053
860.00	6165.90	25.30	0.00053
861.00	6175.36	25.30	0.00053
862.00	6184.83	25.30	0.00053
863.00	6194.30	25.30	0.00053
864.00	6203.77	25.30	0.00053
865.00	6213.24	25.30	0.00053
866.00	6222.71	25.30	0.00053
867.00	6232.19	25.30	0.00053
868.00	6241.66	25.30	0.00053
869.00	6251.14	25.30	0.00052
870.00	6260.62	25.30	0.00052
871.00	6270.09	25.30	0.00052
872.00	6279.57	25.30	0.00052
873.00	6289.06	25.30	0.00052
874.00	6298.54	25.30	0.00052
875.00	6308.02	25.30	0.00052
876.00	6317.51	25.30	0.00052
877.00	6326.99	25.30	0.00078
878.00	6336.48	25.30	0.00078
879.00	6345.97	25.30	0.00078
880.00	6355.46	25.30	0.00078
881.00	6364.95	25.30	0.00078
882.00	6374.44	25.30	0.00078
883.00	6383.93	25.30	0.00078
884.00	6393.42	25.30	0.00078
885.00	6402.92	25.30	0.00077
886.00	6412.42	25.30	0.00077
887.00	6421.91	25.30	0.00077
888.00	6431.41	25.30	0.00077
889.00	6440.91	25.30	0.00077
890.00	6450.41	25.30	0.00077
891.00	6459.91	25.30	0.00077
892.00	6469.41	25.30	0.00077
893.00	6478.92	25.30	0.00077
894.00	6488.42	25.30	0.00076
895.00	6497.93	25.30	0.00076
896.00	6507.43	25.30	0.00076
897.00	6516.94	25.30	0.00076
898.00	6526.45	25.30	0.00076
899.00	6535.96	25.30	0.00076
900.00	6545.46	25.30	0.00076
901.00	6554.98	25.30	0.00076
902.00	6564.49	25.30	0.00076
903.00	6574.00	25.30	0.00075
904.00	6583.51	25.30	0.00075
905.00	6593.03	25.30	0.00075
906.00	6602.54	25.30	0.00075
907.00	6612.06	25.30	0.00075
908.00	6621.58	25.30	0.00075
909.00	6631.09	25.30	0.00063
910.00	6640.61	25.30	0.00063
911.00	6650.13	25.30	0.00063
912.00	6659.65	25.30	0.00063
913.00	6669.17	25.30	0.00063
914.00	6678.70	25.30	0.00063
915.00	6688.22	25.30	0.00062
916.00	6697.74	25.30	0.00062
917.00	6707.27	25.30	0.00062
918.00	6716.79	25.30	0.00062
919.00	6726.32	25.30	0.00062
920.00	6735.84	25.30	0.00062
921.00	6745.37	25.30	0.00062
922.00	6754.90	25.30	0.00062
923.00	6764.43	25.30	0.00062
924.00	6773.96	25.30	0.00062
925.00	6783.49	25.30	0.00062
926.00	6793.02	25.30	0.00061
927.00	6802.55	25.30	0.00061
928.00	6812.08	25.30	0.00061
929.00	6821.61	25.30	0.00061
930.00	6831.15	25.30	0.00061
931.00	6840.68	25.30	0.00061
932.00	6850.22	25.30	0.00061
933.00	6859.75	25.30	0.00061
934.00	6869.29	25.30	0.00061
935.00	6878.82	25.30	0.00061
936.00	6888.36	25.30	0.00061
937.00	6897.90	25.30	0.00061
938.00	6907.44	25.30	0.00060
939.00	6916.97	25.30	0.00060
940.00	6926.51	25.30	0.00060
941.00	6936.05	25.30	0.00024
942.00	6945.59	25.30	0.00024
943.00	6955.13	25.30	0.00024
944.00	6964.67	25.30	0.00024
945.00	6974.22	25.30	0.00024
946.00	6983.76	25.30	0.00024
947.00	6993.30	25.30	0.00024
948.00	7002.84	25.30	0.00024
949.00	7012.39	25.30	0.00024
950.00	7021.93	25.30	0.00024
951.00	7031.48	25.30	0.00024
952.00	7041.02	25.30	0.00024
953.00	7050.57	25.30	0.00024
954.00	7060.11	25.30	0.00024
955.00	7069.66	25.30	0.00024
956.00	7079.20	25.30	0.00024
957.00	7088.75	25.30	0.00024
958.00	7098.30	25.30	0.00024
959.00	7107.85	25.30	0.00024
960.00	7117.39	25.30	0.00024
961.00	7126.94	25.30	0.00024
962.00	7136.49	25.30	0.00024
963.00	7146.04	25.30	0.00024
964.00	7155.59	25.30	0.00024
965.00	7165.14	25.30	0.00024
966.00	7174.69	25.30	0.00024
967.00	7184.24	25.30	0.00024
968.00	7193.79	25.30	0.00024
969.00	7203.34	25.30	0.00024
970.00	7212.89	25.30	0.00024
971.00	7222.44	25.30	0.00023
972.00	7231.99	25.30	0.00023
973.00	7241.54	25.30	0.00013
974.00	7251.10	25.30	0.00013
975.00	7260.65	25.30	0.00013
976.00	7270.20	25.30	0.00013
977.00	7279.75	25.30	0.00013
978.00	7289.30	25.30	0.00012
979.00	7298.86	25.30	0.00012
980.00	7308.41	25.30	0.00012
981.00	7317.96	25.30	0.00012
982.00	7327.51	25.30	0.00012
983.00	7337.07	25.30	0.00012
984.00	7346.62	25.30	0.00012
985.00	7356.17	25.30	0.00012
986.00	7365.73	25.30	0.00012
987.00	7375.28	25.30	0.00012
988.00	7384.83	25.30	0.00012
989.00	7394.39	25.30	0.00012
990.00	7403.94	25.30	0.00012
991.00	7413.50	25.30	0.00012
992.00	7423.05	25.30	0.00012
993.00	7432.60	25.30	0.00012
994.00	7442.16	25.30	0.00012
995.00	7451.71	25.30	0.00012
996.00	7461.26	25.30	0.00012
997.00	7470.82	25.30	0.00012
998.00	7480.37	25.30	0.00012
999.00	7489.92	25.30	0.00012
1000.00	7499.48	25.30	0.00012
1001.00	7509.03	25.30	0.00012
1002.00	7518.58	25.30	0.00012
1003.00	7528.14	25.30	0.00012
1004.00	7537.69	25.30	0.00021
1005.00	7547.24	25.30	0.00021
1006.00	7556.80	25.30	0.00021
1007.00	7566.35	25.30	0.00021
1008.00	7575.90	25.30	0.00021
1009.00	7585.46	25.30	0.00021
1010.00	7595.01	25.30	0.00021
1011.00	7604.56	25.30	0.00021
1012.00	7614.11	25.30	0.00021
1013.00	7623.66	25.30	0.00021
1014.00	7633.22	25.30	0.00021
1015.00	7642.77	25.30	0.00021
1016.00	7652.32	25.30	0.00021
1017.00	7661.87	25.30	0.00021
1018.00	7671.42	25.30	0.00021
1019.00	7680.97	25.30	0.00021
1020.00	7690.52	25.30	0.00021
1021.00	7700.07	25.30	0.00021
1022.00	7709.62	25.30	0.00021
1023.00	7719.17	25.30	0.00021
1024.00	7728.72	25.30	0.00021
1025.00	7738.27	25.30	0.00021
1026.00	7747.82	25.30	0.00020
1027.00	7757.37	25.30	0.00020
1028.00	7766.92	25.30	0.00020
1029.00	7776.46	25.30	0.00020
1030.00	7786.01	25.30	0.00020
1031.00	7795.56	25.30	0.00020
1032.00	7805.11	25.30	0.00020
1033.00	7814.65	25.30	0.00020
1034.00	7824.20	25.30	0.00020
1035.00	7833.74	25.30	0.00020
1036.00	7843.29	25.30	0.00002
1037.00	7852.83	25.30	0.00002
1038.00	7862.38	25.30	0.00002
1039.00	7871.92	25.30	0.00002
1040.00	7881.47	25.30	0.00002
1041.00	7891.01	25.30	0.00002
1042.00	7900.55	25.30	0.00002
1043.00	7910.09	25.30	0.00002
1044.00	7919.64	25.30	0.00002
1045.00	7929.18	25.30	0.00002
1046.00	7938.72	25.30	0.00002
1047.00	7948.26	25.30	0.00002
1048.00	7957.80	25.30	0.00002
1049.00	7967.34	25.30	0.00002
1050.00	7976.87	25.30	0.00002
1051.00	7986.41	25.30	0.00002
1052.00	7995.95	25.30	0.00002
1053.00	8005.49	25.30	0.00002
1054.00	8015.02	25.30	0.00002
1055.00	8024.56	25.30	0.00002
1056.00	8034.09	25.30	0.00002
1057.00	8043.63	25.30	0.00002
1058.00	8053.16	25.30	0.00002
1059.00	8062.69	25.30	0.00002
1060.00	8072.23	25.30	0.00002
1061.00	8081.76	25.30	0.00002
1062.00	8091.29	25.30	0.00002
1063.00	8100.82	25.30	0.00002
1064.00	8110.35	25.30	0.00002
1065.00	8119.88	25.30	0.00002
1066.00	8129.41	25.30	0.00002
1067.00	8138.94	25.30	0.00002
1068.00	8148.46	25.30	0.00001
1069.00	8157.99	25.30	0.00001
1070.00	8167.52	25.30	0.00001
1071.00	8177.04	25.30	0.00001
1072.00	8186.56	25.30	0.00001
1073.00	8196.09	25.30	0.00001
1074.00	8205.61	25.30	0.00001
1075.00	8215.13	25.30	0.00001
1076.00	8224.65	25.30	0.00001
1077.00	8234.17	25.30	0.00001
1078.00	8243.69	25.30	0.00001
1079.00	8253.21	25.30	0.00001
1080.00	8262.73	25.30	0.00001
1081.00	8272.25	25.30	0.00001
1082.00	8281.76	25.30	0.00001
1083.00	8291.28	25.30	0.00001
1084.00	8300.79	25.30	0.00001
1085.00	8310.30	25.30	0.00001
1086.00	8319.82	25.30	0.00001
1087.00	8329.33	25.30	0.00001
1088.00	8338.84	25.30	0.00001
1089.00	8348.35	25.30	0.00001
1090.00	8357.86	25.30	0.00001
1091.00	8367.36	25.30	0.00001
1092.00	8376.87	25.30	0.00001
1093.00	8386.38	25.30	0.00001
1094.00	8395.88	25.30	0.00001
1095.00	8405.39	25.30	0.00001
1096.00	8414.89	25.30	0.00001
1097.00	8424.39	25.30	0.00001
1098.00	8433.89	25.30	0.00001
1099.00	8443.39	25.30	0.00013
1100.00	8452.89	25.30	0.00013
1101.00	8462.39	25.30	0.00013
1102.00	8471.89	25.30	0.00013
1103.00	8481.38	25.30	0.00013
1104.00	8490.88	25.30	0.00013
1105.00	8500.37	25.30	0.00013
1106.00	8509.86	25.30	0.00013
1107.00	8519.35	25.30	0.00013
1108.00	8528.84	25.30	0.00013
1109.00	8538.33	25.30	0.00013
1110.00	8547.82	25.30	0.00013
1111.00	8557.31	25.30	0.00013
1112.00	8566.79	25.30	0.00013
1113.00	8576.28	25.30	0.00013
1114.00	8585.76	25.30	0.00013
1115.00	8595.24	25.30	0.00013
1116.00	8604.72	25.30	0.00013
1117.00	8614.20	25.30	0.00013
1118.00	8623.68	25.30	0.00013
1119.00	8633.16	25.30	0.00013
1120.00	8642.63	25.30	0.00013
1121.00	8652.11	25.30	0.00013
1122.00	8661.58	25.30	0.00013
1123.00	8671.05	25.30	0.00013
1124.00	8680.53	25.30	0.00013
1125.00	8690.00	25.30	0.00013
1126.00	8699.46	25.30	0.00013
1127.00	8708.93	25.30	0.00013
1128.00	8718.40	25.30	0.00013
1129.00	8727.86	25.30	0.00013
1130.00	8737.32	25.30	0.00013
1131.00	8746.79	25.20	0.00014
1132.00	8756.25	25.20	0.00014
1133.00	8765.70	25.20	0.00014
1134.00	8775.16	25.20	0.00014
1135.00	8784.62	25.20	0.00014
1136.00	8794.07	25.20	0.00014
1137.00	8803.53	25.20	0.00014
1138.00	8812.98	25.20	0.00014
1139.00	8822.43	25.20	0.00014
1140.00	8831.88	25.20	0.00014
1141.00	8841.33	25.20	0.00014
1142.00	8850.77	25.20	0.00014
1143.00	8860.22	25.20	0.00014
1144.00	8869.66	25.20	0.00014
1145.00	8879.10	25.20	0.00014
1146.00	8888.54	25.20	0.00014
1147.00	8897.98	25.20	0.00014
1148.00	8907.42	25.20	0.00014
1149.00	8916.85	25.20	0.00014
1150.00	8926.29	25.20	0.00014
1151.00	8935.72	25.20	0.00014
1152.00	8945.15	25.20	0.00014
1153.00	8954.58	25.20	0.00014
1154.00	8964.01	25.20	0.00014
1155.00	8973.44	25.20	0.00014
1156.00	8982.86	25.20	0.00014
1157.00	8992.28	25.20	0.00014
1158.00	9001.71	25.20	0.00014
1159.00	9011.13	25.20	0.00014
1160.00	9020.54	25.20	0.00014
1161.00	9029.96	25.20	0.00014
1162.00	9039.38	25.30	0.00044
1163.00	9048.79	25.30	0.00044
1164.00	9058.20	25.30	0.00044
1165.00	9067.61	25.30	0.00044
1166.00	9077.02	25.30	0.00044
1167.00	9086.42	25.30	0.00044
1168.00	9095.83	25.30	0.00044
1169.00	9105.23	25.30	0.00044
1170.00	9114.63	25.30	0.00044
1171.00	9124.03	25.30	0.00043
1172.00	9133.43	25.30	0.00043
1173.00	9142.83	25.30	0.00043
1174.00	9152.22	25.30	0.00043
1175.00	9161.61	25.30	0.00043
1176.00	9171.00	25.30	0.00043
1177.00	9180.39	25.30	0.00043
1178.00	9189.78	25.30	0.00043
1179.00	9199.16	25.30	0.00043
1180.00	9208.55	25.30	0.00043
1181.00	9217.93	25.30	0.00043
1182.00	9227.31	25.30	0.00043
1183.00	9236.69	25.30	0.00043
1184.00	9246.06	25.30	0.00043
1185.00	9255.44	25.30	0.00043
1186.00	9264.81	25.30	0.00043
1187.00	9274.18	25.30	0.00043
1188.00	9283.55	25.30	0.00043
1189.00	9292.91	25.30	0.00043
1190.00	9302.28	25.30	0.00043
1191.00	9311.64	25.30	0.00043
1192.00	9321.00	25.30	0.00043
1193.00	9330.36	25.30	0.00043
1194.00	9339.71	25.30	0.00042
1195.00	9349.07	25.30	0.00013
1196.00	9358.42	25.30	0.00013
1197.00	9367.77	25.30	0.00013
1198.00	9377.12	25.30	0.00013
1199.00	9386.46	25.30	0.00013
1200.00	9395.81	25.30	0.00013
1201.00	9405.15	25.30	0.00013
1202.00	9414.49	25.30	0.00013
1203.00	9423.83	25.30	0.00013
1204.00	9433.16	25.30	0.00013
1205.00	9442.50	25.30	0.00013
1206.00	9451.83	25.30	0.00013
1207.00	9461.16	25.30	0.00013
1208.00	9470.49	25.30	0.00013
1209.00	9479.81	25.30	0.00013
1210.00	9489.13	25.30	0.00013
1211.00	9498.45	25.30	0.00013
1212.00	9507.77	25.30	0.00013
1213.00	9517.09	25.30	0.00013
1214.00	9526.40	25.30	0.00013
1215.00	9535.72	25.30	0.00013
1216.00	9545.03	25.30	0.00012
1217.00	9554.33	25.30	0.00012
1218.00	9563.64	25.30	0.00012
1219.00	9572.94	25.30	0.00012
1220.00	9582.24	25.30	0.00012
1221.00	9591.54	25.30	0.00012
1222.00	9600.84	25.30	0.00012
1223.00	9610.13	25.30	0.00012
1224.00	9619.42	25.30	0.00012
1225.00	9628.71	25.30	0.00012
1226.00	9638.00	25.30	0.00012
1227.00	9647.28	25.30	0.00016
1228.00	9656.57	25.30	0.00016
1229.00	9665.85	25.30	0.00016
1230.00	9675.12	25.30	0.00016
1231.00	9684.40	25.30	0.00016
1232.00	9693.67	25.30	0.00016
1233.00	9702.94	25.30	0.00016
1234.00	9712.21	25.30	0.00016
1235.00	9721.47	25.30	0.00016
1236.00	9730.74	25.30	0.00016
1237.00	9740.00	25.30	0.00016
1238.00	9749.26	25.30	0.00016
1239.00	9758.51	25.30	0.00016
1240.00	9767.77	25.30	0.00016
1241.00	9777.02	25.30	0.00016
1242.00	9786.26	25.30	0.00016
1243.00	9795.51	25.30	0.00016
1244.00	9804.75	25.30	0.00016
1245.00	9813.99	25.30	0.00016
1246.00	9823.23	25.30	0.00016
1247.00	9832.47	25.30	0.00016
1248.00	9841.70	25.30	0.00016
1249.00	9850.93	25.30	0.00016
1250.00	9860.16	25.30	0.00016
1251.00	9869.38	25.30	0.00016
1252.00	9878.61	25.30	0.00016
1253.00	9887.83	25.30	0.00016
1254.00	9897.04	25.30	0.00016
1255.00	9906.26	25.30	0.00016
1256.00	9915.47	25.30	0.00016
1257.00	9924.68	25.30	0.00016
1258.00	9933.89	25.30	0.00016
1259.00	9943.09	25.30	0.00016
1260.00	9952.29	25.30	0.00060
1261.00	9961.49	25.30	0.00059
1262.00	9970.69	25.30	0.00059
1263.00	9979.88	25.30	0.00059
1264.00	9989.07	25.30	0.00059
1265.00	9998.26	25.30	0.00059
1266.00	10007.44	25.30	0.00059
1267.00	10016.63	25.30	0.00059
1268.00	10025.80	25.30	0.00059
1269.00	10034.98	25.30	0.00059
1270.00	10044.15	25.30	0.00059
1271.00	10053.33	25.30	0.00059
1272.00	10062.49	25.30	0.00059
1273.00	10071.66	25.30	0.00059
1274.00	10080.82	25.30	0.00059
1275.00	10089.98	25.30	0.00059
1276.00	10099.14	25.30	0.00059
1277.00	10108.29	25.30	0.00059
1278.00	10117.44	25.30	0.00059
1279.00	10126.59	25.30	0.00058
1280.00	10135.74	25.30	0.00058
1281.00	10144.88	25.30	0.00058
1282.00	10154.02	25.30	0.00058
1283.00	10163.15	25.30	0.00058
1284.00	10172.29	25.30	0.00058
1285.00	10181.42	25.30	0.00058
1286.00	10190.54	25.30	0.00058
1287.00	10199.67	25.30	0.00058
1288.00	10208.79	25.30	0.00058
1289.00	10217.91	25.30	0.00058
1290.00	10227.02	25.30	0.00058
1291.00	10236.14	25.30	0.00058
1292.00	10245.25	25.30	0.00058
1293.00	10254.35	25.20	0.00054
1294.00	10263.46	25.20	0.00054
1295.00	10272.56	25.20	0.00054
1296.00	10281.65	25.20	0.00054
1297.00	10290.75	25.20	0.00054
1298.00	10299.84	25.20	0.00054
1299.00	10308.92	25.20	0.00054
1300.00	10318.01	25.20	0.00054
1301.00	10327.09	25.20	0.00054
1302.00	10336.17	25.20	0.00054
1303.00	10345.24	25.20	0.00054
1304.00	10354.31	25.20	0.00053
1305.00	10363.38	25.20	0.00053
1306.00	10372.45	25.20	0.00053
1307.00	10381.51	25.20	0.00053
1308.00	10390.57	25.20	0.00053
1309.00	10399.63	25.20	0.00053
1310.00	10408.68	25.20	0.00053
1311.00	10417.73	25.20	0.00053
1312.00	10426.77	25.20	0.00053
1313.00	10435.82	25.20	0.00053
1314.00	10444.85	25.20	0.00053
1315.00	10453.89	25.20	0.00053
1316.00	10462.92	25.20	0.00053
1317.00	10471.95	25.20	0.00053
1318.00	10480.98	25.20	0.00053
1319.00	10490.00	25.20	0.00053
1320.00	10499.02	25.20	0.00053
1321.00	10508.04	25.20	0.00053
1322.00	10517.05	25.20	0.00053
1323.00	10526.06	25.20	0.00053
1324.00	10535.06	25.20	0.00053
1325.00	10544.07	25.20	0.00053
1326.00	10553.06	25.20	0.00052
1327.00	10562.06	25.30	0.00065
1328.00	10571.05	25.30	0.00065
1329.00	10580.04	25.30	0.00065
1330.00	10589.02	25.30	0.00065
1331.00	10598.01	25.30	0.00065
1332.00	10606.98	25.30	0.00065
1333.00	10615.96	25.30	0.00065
1334.00	10624.93	25.30	0.00065
1335.00	10633.90	25.30	0.00065
1336.00	10642.86	25.30	0.00065
1337.00	10651.82	25.30	0.00065
1338.00	10660.78	25.30	0.00065
1339.00	10669.73	25.30	0.00065
1340.00	10678.68	25.30	0.00065
1341.00	10687.62	25.30	0.00065
1342.00	10696.57	25.30	0.00065
1343.00	10705.50	25.30	0.00064
1344.00	10714.44	25.30	0.00064
1345.00	10723.37	25.30	0.00064
1346.00	10732.30	25.30	0.00064
1347.00	10741.22	25.30	0.00064
1348.00	10750.14	25.30	0.00064
1349.00	10759.06	25.30	0.00064
1350.00	10767.97	25.30	0.00064
1351.00	10776.88	25.30	0.00064
1352.00	10785.79	25.30	0.00064
1353.00	10794.69	25.30	0.00064
1354.00	10803.58	25.30	0.00064
1355.00	10812.48	25.30	0.00064
1356.00	10821.37	25.30	0.00064
1357.00	10830.25	25.30	0.00064
1358.00	10839.14	25.30	0.00064
1359.00	10848.02	25.30	0.00064
1360.00	10856.89	25.30	0.00035
1361.00	10865.76	25.30	0.00035
1362.00	10874.63	25.30	0.00035
1363.00	10883.49	25.30	0.00035
1364.00	10892.35	25.30	0.00035
1365.00	10901.21	25.30	0.00035
1366.00	10910.06	25.30	0.00035
1367.00	10918.91	25.30	0.00035
1368.00	10927.75	25.30	0.00035
1369.00	10936.59	25.30	0.00035
1370.00	10945.42	25.30	0.00035
1371.00	10954.26	25.30	0.00035
1372.00	10963.08	25.30	0.00035
1373.00	10971.91	25.30	0.00035
1374.00	10980.73	25.30	0.00035
1375.00	10989.54	25.30	0.00035
1376.00	10998.35	25.30	0.00035
1377.00	11007.16	25.30	0.00035
1378.00	11015.96	25.30	0.00035
1379.00	11024.76	25.30	0.00035
1380.00	11033.56	25.30	0.00035
1381.00	11042.35	25.30	0.00035
1382.00	11051.14	25.30	0.00035
1383.00	11059.92	25.30	0.00035
1384.00	11068.70	25.30	0.00035
1385.00	11077.47	25.30	0.00035
1386.00	11086.24	25.30	0.00035
1387.00	11095.01	25.30	0.00035
1388.00	11103.77	25.30	0.00035
1389.00	11112.53	25.30	0.00035
1390.00	11121.28	25.30	0.00035
1391.00	11130.03	25.30	0.00034
1392.00	11138.78	25.30	0.00034
1393.00	11147.52	25.30	0.00034
1394.00	11156.26	25.30	0.00013
1395.00	11164.99	25.30	0.00013
1396.00	11173.72	25.30	0.00013
1397.00	11182.44	25.30	0.00013
1398.00	11191.16	25.30	0.00013
1399.00	11199.88	25.30	0.00013
1400.00	11208.59	25.30	0.00013
1401.00	11217.29	25.30	0.00013
1402.00	11226.00	25.30	0.00013
1403.00	11234.69	25.30	0.00013
1404.00	11243.39	25.30	0.00013
1405.00	11252.08	25.30	0.00013
1406.00	11260.76	25.30	0.00013
1407.00	11269.44	25.30	0.00013
1408.00	11278.12	25.30	0.00013
1409.00	11286.79	25.30	0.00013
1410.00	11295.45	25.30	0.00013
1411.00	11304.12	25.30	0.00013
1412.00	11312.77	25.30	0.00013
1413.00	11321.43	25.30	0.00013
1414.00	11330.08	25.30	0.00013
1415.00	11338.72	25.30	0.00013
1416.00	11347.36	25.30	0.00013
1417.00	11356.00	25.30	0.00013
1418.00	11364.63	25.30	0.00013
1419.00	11373.25	25.30	0.00013
1420.00	11381.87	25.30	0.00013
1421.00	11390.49	25.30	0.00013
1422.00	11399.10	25.30	0.00013
1423.00	11407.71	25.30	0.00013
1424.00	11416.31	25.30	0.00013
1425.00	11424.91	25.30	0.00013
1426.00	11433.50	25.30	0.00013
1427.00	11442.09	25.30	0.00013
1428.00	11450.68	25.30	0.00013
1429.00	11459.26	25.30	0.00025
1430.00	11467.83	25.30	0.00025
1431.00	11476.40	25.30	0.00025
1432.00	11484.96	25.30	0.00025
1433.00	11493.53	25.30	0.00025
1434.00	11502.08	25.30	0.00025
1435.00	11510.63	25.30	0.00025
1436.00	11519.18	25.30	0.00025
1437.00	11527.72	25.30	0.00025
1438.00	11536.25	25.30	0.00025
1439.00	11544.79	25.30	0.00025
1440.00	11553.31	25.30	0.00025
1441.00	11561.83	25.30	0.00025
1442.00	11570.35	25.30	0.00025
1443.00	11578.86	25.30	0.00025
1444.00	11587.37	25.30	0.00025
1445.00	11595.87	25.30	0.00025
1446.00	11604.37	25.30	0.00025
1447.00	11612.86	25.30	0.00025
1448.00	11621.35	25.30	0.00025
1449.00	11629.83	25.30	0.00025
1450.00	11638.31	25.30	0.00025
1451.00	11646.78	25.30	0.00025
1452.00	11655.24	25.30	0.00025
1453.00	11663.71	25.30	0.00025
1454.00	11672.16	25.30	0.00025
1455.00	11680.62	25.30	0.00025
1456.00	11689.06	25.30	0.00025
1457.00	11697.50	25.30	0.00025
1458.00	11705.94	25.30	0.00025
1459.00	11714.37	25.30	0.00025
1460.00	11722.80	25.30	0.00025
1461.00	11731.22	25.30	0.00025
1462.00	11739.63	25.30	0.00025
1463.00	11748.05	25.30	0.00025
1464.00	11756.45	25.30	0.00008
1465.00	11764.85	25.30	0.00008
1466.00	11773.25	25.30	0.00008
1467.00	11781.64	25.30	0.00008
1468.00	11790.02	25.30	0.00008
1469.00	11798.40	25.30	0.00008
1470.00	11806.77	25.30	0.00008
1471.00	11815.14	25.30	0.00008
1472.00	11823.51	25.30	0.00008
1473.00	11831.86	25.30	0.00008
1474.00	11840.22	25.30	0.00008
1475.00	11848.56	25.30	0.00008
1476.00	11856.90	25.30	0.00008
1477.00	11865.24	25.30	0.00008
1478.00	11873.57	25.30	0.00008
1479.00	11881.90	25.30	0.00008
1480.00	11890.22	25.30	0.00008
1481.00	11898.53	25.30	0.00008
1482.00	11906.84	25.30	0.00008
1483.00	11915.15	25.30	0.00008
1484.00	11923.44	25.30	0.00008
1485.00	11931.74	25.30	0.00008
1486.00	11940.02	25.30	0.00008
1487.00	11948.31	25.30	0.00008
1488.00	11956.58	25.30	0.00008
1489.00	11964.85	25.30	0.00008
1490.00	11973.12	25.30	0.00008
1491.00	11981.38	25.30	0.00008
1492.00	11989.63	25.30	0.00008
1493.00	11997.88	25.30	0.00008
1494.00	12006.12	25.30	0.00008
1495.00	12014.36	25.30	0.00008
1496.00	12022.59	25.30	0.00008
1497.00	12030.82	25.30	0.00008
1498.00	12039.04	25.30	0.00008
1499.00	12047.25	25.30	0.00008
1500.00	12055.46	25.30	0.00008
1501.00	12063.66	25.30	0.00017
1502.00	12071.86	25.30	0.00017
1503.00	12080.05	25.30	0.00017
1504.00	12088.24	25.30	0.00017
1505.00	12096.42	25.30	0.00017
1506.00	12104.59	25.30	0.00017
1507.00	12112.76	25.30	0.00017
1508.00	12120.92	25.30	0.00017
1509.00	12129.08	25.30	0.00017
1510.00	12137.23	25.30	0.00017
1511.00	12145.37	25.30	0.00017
1512.00	12153.51	25.30	0.00017
1513.00	12161.64	25.30	0.00017
1514.00	12169.77	25.30	0.00017
1515.00	12177.89	25.30	0.00017
1516.00	12186.00	25.30	0.00016
1517.00	12194.11	25.30	0.00016
1518.00	12202.21	25.30	0.00016
1519.00	12210.31	25.30	0.00016
1520.00	12218.40	25.30	0.00016
1521.00	12226.49	25.30	0.00016
1522.00	12234.56	25.30	0.00016
1523.00	12242.64	25.30	0.00016
1524.00	12250.70	25.30	0.00016
1525.00	12258.76	25.30	0.00016
1526.00	12266.82	25.30	0.00016
1527.00	12274.86	25.30	0.00016
1528.00	12282.91	25.30	0.00016
1529.00	12290.94	25.30	0.00016
1530.00	12298.97	25.30	0.00016
1531.00	12306.99	25.30	0.00016
1532.00	12315.01	25.30	0.00016
1533.00	12323.02	25.30	0.00016
1534.00	12331.03	25.30	0.00016
1535.00	12339.02	25.30	0.00016
1536.00	12347.02	25.30	0.00016
1537.00	12355.00	25.30	0.00016
1538.00	12362.98	25.30	0.00028
1539.00	12370.95	25.30	0.00028
1540.00	12378.92	25.30	0.00028
1541.00	12386.88	25.30	0.00028
1542.00	12394.83	25.30	0.00028
1543.00	12402.78	25.30	0.00028
1544.00	12410.72	25.30	0.00028
1545.00	12418.65	25.30	0.00028
1546.00	12426.58	25.30	0.00028
1547.00	12434.50	25.30	0.00028
1548.00	12442.42	25.30	0.00028
1549.00	12450.33	25.30	0.00028
1550.00	12458.23	25.30	0.00028
1551.00	12466.12	25.30	0.00028
1552.00	12474.01	25.30	0.00028
1553.00	12481.89	25.30	0.00028
1554.00	12489.77	25.30	0.00028
1555.00	12497.64	25.30	0.00028
1556.00	12505.50	25.30	0.00028
1557.00	12513.36	25.30	0.00028
1558.00	12521.21	25.30	0.00028
1559.00	12529.05	25.30	0.00028
1560.00	12536.88	25.30	0.00028
1561.00	12544.71	25.30	0.00028
1562.00	12552.53	25.30	0.00028
1563.00	12560.35	25.30	0.00028
1564.00	12568.16	25.30	0.00028
1565.00	12575.96	25.30	0.00028
1566.00	12583.75	25.30	0.00028
1567.00	12591.54	25.30	0.00028
1568.00	12599.32	25.30	0.00028
1569.00	12607.10	25.30	0.00028
1570.00	12614.87	25.30	0.00028
1571.00	12622.63	25.30	0.00028
1572.00	12630.38	25.30	0.00028
1573.00	12638.13	25.30	0.00028
1574.00	12645.87	25.30	0.00028
1575.00	12653.60	25.30	0.00028
1576.00	12661.32	25.30	0.00003
1577.00	12669.04	25.30	0.00003
1578.00	12676.76	25.30	0.00003
1579.00	12684.46	25.30	0.00003
1580.00	12692.16	25.30	0.00003
1581.00	12699.85	25.30	0.00003
1582.00	12707.53	25.30	0.00003
1583.00	12715.21	25.30	0.00003
1584.00	12722.88	25.30	0.00003
1585.00	12730.54	25.30	0.00003
1586.00	12738.19	25.30	0.00003
1587.00	12745.84	25.30	0.00003
1588.00	12753.48	25.30	0.00003
1589.00	12761.12	25.30	0.00003
1590.00	12768.74	25.30	0.00003
1591.00	12776.36	25.30	0.00003
1592.00	12783.97	25.30	0.00003
1593.00	12791.58	25.30	0.00003
1594.00	12799.17	25.30	0.00003
1595.00	12806.76	25.30	0.00003
1596.00	12814.34	25.30	0.00003
1597.00	12821.92	25.30	0.00003
1598.00	12829.49	25.30	0.00003
1599.00	12837.05	25.30	0.00003
1600.00	12844.60	25.30	0.00003
1601.00	12852.14	25.30	0.00003
1602.00	12859.68	25.30	0.00003
1603.00	12867.21	25.30	0.00003
1604.00	12874.73	25.30	0.00003
1605.00	12882.25	25.30	0.00003
1606.00	12889.76	25.30	0.00003
1607.00	12897.26	25.30	0.00003
1608.00	12904.75	25.30	0.00003
1609.00	12912.23	25.30	0.00003
1610.00	12919.71	25.30	0.00003
1611.00	12927.18	25.30	0.00003
1612.00	12934.64	25.30	0.00003
1613.00	12942.09	25.30	0.00003
1614.00	12949.54	25.30	0.00003
1615.00	12956.98	25.30	0.00017
1616.00	12964.41	25.30	0.00017
1617.00	12971.83	25.30	0.00017
1618.00	12979.25	25.30	0.00017
1619.00	12986.65	25.30	0.00017
1620.00	12994.05	25.30	0.00017
1621.00	13001.45	25.30	0.00017
1622.00	13008.83	25.30	0.00017
1623.00	13016.21	25.30	0.00017
1624.00	13023.57	25.30	0.00017
1625.00	13030.93	25.30	0.00017
1626.00	13038.29	25.30	0.00017
1627.00	13045.63	25.30	0.00017
1628.00	13052.97	25.30	0.00017
1629.00	13060.29	25.30	0.00017
1630.00	13067.61	25.30	0.00017
1631.00	13074.93	25.30	0.00017
1632.00	13082.23	25.30	0.00017
1633.00	13089.53	25.30	0.00017
1634.00	13096.81	25.30	0.00017
1635.00	13104.09	25.30	0.00017
1636.00	13111.36	25.30	0.00017
1637.00	13118.63	25.30	0.00017
1638.00	13125.88	25.30	0.00017
1639.00	13133.13	25.30	0.00017
1640.00	13140.37	25.30	0.00017
1641.00	13147.60	25.30	0.00017
1642.00	13154.82	25.30	0.00017
1643.00	13162.03	25.30	0.00017
1644.00	13169.24	25.30	0.00017
1645.00	13176.43	25.30	0.00017
1646.00	13183.62	25.30	0.00017
1647.00	13190.80	25.30	0.00017
1648.00	13197.97	25.30	0.00017
1649.00	13205.14	25.30	0.00017
1650.00	13212.29	25.30	0.00017
1651.00	13219.44	25.30	0.00017
1652.00	13226.57	25.30	0.00017
1653.00	13233.70	25.30	0.00017
1654.00	13240.82	25.30	0.00017
1655.00	13247.93	25.30	0.00017
1656.00	13255.04	25.30	0.00017
1657.00	13262.13	25.30	0.00002
1658.00	13269.22	25.30	0.00002
1659.00	13276.29	25.30	0.00002
1660.00	13283.36	25.30	0.00002
1661.00	13290.42	25.30	0.00002
1662.00	13297.47	25.30	0.00002
1663.00	13304.51	25.30	0.00002
1664.00	13311.55	25.30	0.00002
1665.00	13318.57	25.30	0.00002
1666.00	13325.59	25.30	0.00002
1667.00	13332.59	25.30	0.00002
1668.00	13339.59	25.30	0.00002
1669.00	13346.58	25.30	0.00002
1670.00	13353.56	25.30	0.00002
1671.00	13360.53	25.30	0.00002
1672.00	13367.49	25.30	0.00002
1673.00	13374.45	25.30	0.00002
1674.00	13381.39	25.30	0.00002
1675.00	13388.32	25.30	0.00002
1676.00	13395.25	25.30	0.00002
1677.00	13402.17	25.30	0.00002
1678.00	13409.07	25.30	0.00002
1679.00	13415.97	25.30	0.00002
1680.00	13422.86	25.30	0.00002
1681.00	13429.74	25.30	0.00002
1682.00	13436.61	25.30	0.00002
1683.00	13443.47	25.30	0.00002
1684.00	13450.32	25.30	0.00002
1685.00	13457.17	25.30	0.00002
1686.00	13464.00	25.30	0.00002
1687.00	13470.82	25.30	0.00002
1688.00	13477.64	25.30	0.00002
1689.00	13484.44	25.30	0.00002
1690.00	13491.24	25.30	0.00002
1691.00	13498.02	25.30	0.00002
1692.00	13504.80	25.30	0.00002
1693.00	13511.57	25.30	0.00002
1694.00	13518.32	25.30	0.00002
1695.00	13525.07	25.30	0.00002
1696.00	13531.81	25.30	0.00002
1697.00	13538.54	25.30	0.00002
1698.00	13545.26	25.30	0.00002
1699.00	13551.97	25.30	0.00002
1700.00	13558.67	25.30	0.00037
1701.00	13565.36	25.30	0.00037
1702.00	13572.03	25.30	0.00037
1703.00	13578.70	25.30	0.00037
1704.00	13585.36	25.30	0.00037
1705.00	13592.02	25.30	0.00037
1706.00	13598.66	25.30	0.00037
1707.00	13605.29	25.30	0.00037
1708.00	13611.91	25.30	0.00037
1709.00	13618.52	25.30	0.00037
1710.00	13625.12	25.30	0.00037
1711.00	13631.71	25.30	0.00037
1712.00	13638.29	25.30	0.00037
1713.00	13644.86	25.30	0.00037
1714.00	13651.42	25.30	0.00037
1715.00	13657.97	25.30	0.00037
1716.00	13664.51	25.30	0.00037
1717.00	13671.04	25.30	0.00037
1718.00	13677.56	25.30	0.00037
1719.00	13684.07	25.30	0.00037
1720.00	13690.56	25.30	0.00037
1721.00	13697.05	25.30	0.00037
1722.00	13703.53	25.30	0.00037
1723.00	13710.00	25.30	0.00037
1724.00	13716.46	25.30	0.00037
1725.00	13722.90	25.30	0.00037
1726.00	13729.34	25.30	0.00037
1727.00	13735.76	25.30	0.00037
1728.00	13742.18	25.30	0.00037
1729.00	13748.58	25.30	0.00037
1730.00	13754.98	25.30	0.00036
1731.00	13761.36	25.30	0.00036
1732.00	13767.73	25.30	0.00036
1733.00	13774.10	25.30	0.00036
1734.00	13780.45	25.30	0.00036
1735.00	13786.79	25.30	0.00036
1736.00	13793.12	25.30	0.00036
1737.00	13799.43	25.30	0.00036
1738.00	13805.74	25.30	0.00036
1739.00	13812.04	25.30	0.00036
1740.00	13818.33	25.30	0.00036
1741.00	13824.60	25.30	0.00036
1742.00	13830.86	25.30	0.00036
1743.00	13837.12	25.30	0.00036
1744.00	13843.36	25.30	0.00036
1745.00	13849.59	25.30	0.00036
1746.00	13855.81	25.30	0.00036
1747.00	13862.02	25.30	0.00028
1748.00	13868.22	25.30	0.00028
1749.00	13874.40	25.30	0.00028
1750.00	13880.58	25.30	0.00028
1751.00	13886.74	25.30	0.00028
1752.00	13892.89	25.30	0.00028
1753.00	13899.03	25.30	0.00028
1754.00	13905.16	25.30	0.00028
1755.00	13911.28	25.30	0.00028
1756.00	13917.39	25.30	0.00028
1757.00	13923.48	25.30	0.00028
1758.00	13929.56	25.30	0.00028
1759.00	13935.64	25.30	0.00028
1760.00	13941.70	25.30	0.00028
1761.00	13947.74	25.30	0.00028
1762.00	13953.78	25.30	0.00028
1763.00	13959.80	25.30	0.00028
1764.00	13965.82	25.30	0.00028
1765.00	13971.82	25.30	0.00028
1766.00	13977.81	25.30	0.00028
1767.00	13983.79	25.30	0.00028
1768.00	13989.75	25.30	0.00028
1769.00	13995.70	25.30	0.00028
1770.00	14001.65	25.30	0.00028
1771.00	14007.58	25.30	0.00028
1772.00	14013.49	25.30	0.00027
1773.00	14019.40	25.30	0.00027
1774.00	14025.29	25.30	0.00027
1775.00	14031.17	25.30	0.00027
1776.00	14037.04	25.30	0.00027
1777.00	14042.90	25.30	0.00027
1778.00	14048.74	25.30	0.00027
1779.00	14054.57	25.30	0.00027
1780.00	14060.39	25.30	0.00027
1781.00	14066.20	25.30	0.00027
1782.00	14071.99	25.30	0.00027
1783.00	14077.77	25.30	0.00027
1784.00	14083.54	25.30	0.00027
1785.00	14089.30	25.30	0.00027
1786.00	14095.04	25.30	0.00027
1787.00	14100.77	25.30	0.00027
1788.00	14106.49	25.30	0.00027
1789.00	14112.20	25.30	0.00027
1790.00	14117.89	25.30	0.00027
1791.00	14123.57	25.30	0.00027
1792.00	14129.24	25.30	0.00027
1793.00	14134.89	25.30	0.00027
1794.00	14140.53	25.30	0.00027
1795.00	14146.16	25.30	0.00027
1796.00	14151.77	25.30	0.00027
1797.00	14157.37	25.30	0.00062
1798.00	14162.96	25.30	0.00062
1799.00	14168.54	25.30	0.00062
1800.00	14174.10	25.30	0.00062
1801.00	14179.65	25.30	0.00062
1802.00	14185.18	25.30	0.00062
1803.00	14190.70	25.30	0.00062
1804.00	14196.21	25.30	0.00062
1805.00	14201.70	25.30	0.00062
1806.00	14207.18	25.30	0.00061
1807.00	14212.65	25.30	0.00061
1808.00	14218.11	25.30	0.00061
1809.00	14223.54	25.30	0.00061
1810.00	14228.97	25.30	0.00061
1811.00	14234.38	25.30	0.00061
1812.00	14239.78	25.30	0.00061
1813.00	14245.16	25.30	0.00061
1814.00	14250.53	25.30	0.00061
1815.00	14255.89	25.30	0.00061
1816.00	14261.23	25.30	0.00061
1817.00	14266.56	25.30	0.00061
1818.00	14271.87	25.30	0.00061
1819.00	14277.17	25.30	0.00061
1820.00	14282.46	25.30	0.00061
1821.00	14287.73	25.30	0.00061
1822.00	14292.98	25.30	0.00061
1823.00	14298.22	25.30	0.00061
1824.00	14303.45	25.30	0.00061
1825.00	14308.66	25.30	0.00061
1826.00	14313.86	25.30	0.00061
1827.00	14319.04	25.30	0.00061
1828.00	14324.21	25.30	0.00061
1829.00	14329.36	25.30	0.00061
1830.00	14334.50	25.30	0.00061
1831.00	14339.63	25.30	0.00061
1832.00	14344.73	25.30	0.00061
1833.00	14349.83	25.30	0.00061
1834.00	14354.91	25.30	0.00061
1835.00	14359.97	25.30	0.00061
1836.00	14365.02	25.30	0.00061
1837.00	14370.05	25.30	0.00061
1838.00	14375.06	25.30	0.00061
1839.00	14380.07	25.30	0.00061
1840.00	14385.05	25.30	0.00061
1841.00	14390.02	25.30	0.00061
1842.00	14394.98	25.30	0.00061
1843.00	14399.91	25.30	0.00061
1844.00	14404.84	25.30	0.00061
1845.00	14409.74	25.30	0.00061
1846.00	14414.64	25.30	0.00061
1847.00	14419.51	25.30	0.00061
1848.00	14424.37	25.30	0.00061
1849.00	14429.21	25.30	0.00061
1850.00	14434.04	25.30	0.00061
1851.00	14438.85	25.30	0.00060
1852.00	14443.64	25.30	0.00060
1853.00	14448.42	25.30	0.00124
1854.00	14453.18	25.30	0.00124
1855.00	14457.93	25.30	0.00124
1856.00	14462.65	25.30	0.00124
1857.00	14467.36	25.30	0.00124
1858.00	14472.06	25.30	0.00124
1859.00	14476.74	25.30	0.00124
1860.00	14481.40	25.30	0.00124
1861.00	14486.04	25.30	0.00124
1862.00	14490.66	25.30	0.00123
1863.00	14495.27	25.30	0.00123
1864.00	14499.86	25.30	0.00123
1865.00	14504.44	25.30	0.00123
1866.00	14508.99	25.30	0.00123
1867.00	14513.53	25.30	0.00123
1868.00	14518.05	25.30	0.00123
1869.00	14522.56	25.30	0.00123
1870.00	14527.04	25.30	0.00123
1871.00	14531.51	25.30	0.00123
1872.00	14535.96	25.30	0.00123
1873.00	14540.39	25.30	0.00123
1874.00	14544.81	25.30	0.00123
1875.00	14549.20	25.30	0.00123
1876.00	14553.58	25.30	0.00123
1877.00	14557.94	25.30	0.00123
1878.00	14562.28	25.30	0.00123
1879.00	14566.60	25.30	0.00123
1880.00	14570.90	25.30	0.00123
1881.00	14575.18	25.30	0.00123
1882.00	14579.45	25.30	0.00123
1883.00	14583.69	25.30	0.00123
1884.00	14587.92	25.30	0.00123
1885.00	14592.12	25.30	0.00123
1886.00	14596.31	25.30	0.00123
1887.00	14600.48	25.30	0.00123
1888.00	14604.63	25.30	0.00123
1889.00	14608.76	25.30	0.00122
1890.00	14612.86	25.30	0.00122
1891.00	14616.95	25.30	0.00122
1892.00	14621.02	25.30	0.00122
1893.00	14625.07	25.30	0.00122
1894.00	14629.10	25.30	0.00122
1895.00	14633.10	25.30	0.00122
1896.00	14637.09	25.30	0.00122
1897.00	14641.06	25.30	0.00122
1898.00	14645.00	25.30	0.00122
1899.00	14648.92	25.30	0.00122
1900.00	14652.83	25.30	0.00122
1901.00	14656.71	25.30	0.00122
1902.00	14660.57	25.30	0.00122
1903.00	14664.41	25.30	0.00122
1904.00	14668.22	25.30	0.00122
1905.00	14672.02	25.30	0.00122
1906.00	14675.79	25.30	0.00122
1907.00	14679.54	25.30	0.00122
1908.00	14683.27	25.30	0.00122
1909.00	14686.98	25.30	0.00122
1910.00	14690.66	25.30	0.00122
1911.00	14694.32	25.30	0.00122
1912.00	14697.96	25.30	0.00122
1913.00	14701.58	25.30	0.00122
1914.00	14705.17	25.30	0.00122
1915.00	14708.74	25.30	0.00122
1916.00	14712.28	25.30	0.00122
1917.00	14715.80	25.30	0.00122
1918.00	14719.30	25.30	0.00122
1919.00	14722.77	25.30	0.00122
1920.00	14726.22	25.30	0.00122
1921.00	14729.64	25.30	0.00121
1922.00	14733.04	25.30	0.00121
1923.00	14736.41	25.30	0.00121
1924.00	14739.76	25.30	0.00188
1925.00	14743.09	25.30	0.00188
1926.00	14746.38	25.30	0.00188
1927.00	14749.65	25.30	0.00188
1928.00	14752.90	25.30	0.00188
1929.00	14756.12	25.30	0.00188
1930.00	14759.31	25.30	0.00188
1931.00	14762.48	25.30	0.00188
1932.00	14765.62	25.30	0.00188
1933.00	14768.73	25.30	0.00188
1934.00	14771.81	25.30	0.00188
1935.00	14774.87	25.30	0.00188
1936.00	14777.90	25.30	0.00188
1937.00	14780.90	25.30	0.00188
1938.00	14783.87	25.30	0.00187
1939.00	14786.81	25.30	0.00187
1940.00	14789.72	25.30	0.00187
1941.00	14792.60	25.30	0.00187
1942.00	14795.45	25.30	0.00187
1943.00	14798.28	25.30	0.00187
1944.00	14801.07	25.30	0.00187
1945.00	14803.83	25.30	0.00187
1946.00	14806.56	25.30	0.00187
1947.00	14809.25	25.30	0.00187
1948.00	14811.92	25.30	0.00187
1949.00	14814.55	25.30	0.00187
1950.00	14817.15	25.30	0.00187
1951.00	14819.71	25.30	0.00187
1952.00	14822.25	25.30	0.00187
1953.00	14824.74	25.30	0.00187
1954.00	14827.20	25.30	0.00187
1955.00	14829.63	25.30	0.00187
1956.00	14832.02	25.30	0.00187
1957.00	14834.37	25.30	0.00187
1958.00	14836.69	25.30	0.00187
1959.00	14838.96	25.30	0.00187
1960.00	14841.20	25.30	0.00187
1961.00	14843.40	25.30	0.00187
1962.00	14845.56	25.30	0.00187
1963.00	14847.68	25.30	0.00187
1964.00	14849.75	25.30	0.00187
1965.00	14851.78	25.30	0.00187
1966.00	14853.77	25.30	0.00187
1967.00	14855.72	25.30	0.00187
1968.00	14857.62	25.30	0.00187
1969.00	14859.47	25.30	0.00187
1970.00	14861.27	25.30	0.00187
1971.00	14863.03	25.30	0.00186
1972.00	14864.73	25.30	0.00186
1973.00	14866.38	25.30	0.00186
1974.00	14867.97	25.30	0.00186
1975.00	14869.51	25.30	0.00186
1976.00	14870.99	25.30	0.00186
1977.00	14872.41	25.30	0.00186
1978.00	14873.76	25.30	0.00186
1979.00	14875.05	25.30	0.00186
1980.00	14876.27	25.30	0.00186
1981.00	14877.41	25.30	0.00186
1982.00	14878.47	25.30	0.00186
1983.00	14879.44	25.30	0.00186
1984.00	14880.32	25.30	0.00186
1985.00	14881.08	25.30	0.00186
1986.00	14881.72	25.30	0.00186
1987.00	14882.20	25.30	0.00186
