0.00	0.00	25.30	0.00000
1.00	2.50	25.30	66.23347
2.00	7.10	25.30	23.38184
3.00	1.31	25.30	12.71323
4.00	2.02	25.30	8.24990
5.00	2.83	25.30	5.89849
6.00	3.73	25.30	4.48399
7.00	4.70	25.30	3.55608
8.00	5.74	25.30	2.90893
9.00	6.86	25.30	2.43654
10.00	8.03	25.30	2.07933
11.00	9.27	25.30	1.80150
12.00	10.57	25.30	1.58038
13.00	11.92	25.30	1.40101
14.00	13.33	25.30	1.25313
15.00	14.79	25.30	1.12951
16.00	16.30	25.30	1.02493
17.00	17.86	25.30	0.93553
18.00	19.46	25.30	0.85838
19.00	21.11	25.30	0.79127
20.00	22.81	25.30	0.73246
21.00	24.55	25.30	0.68058
22.00	26.33	25.30	0.63453
23.00	28.15	25.30	0.59345
24.00	30.01	25.30	0.55660
25.00	31.92	25.30	0.52341
26.00	33.86	25.30	0.49339
27.00	35.84	25.30	0.46613
28.00	37.86	25.30	0.44128
29.00	39.91	25.30	0.41857
30.00	42.00	25.30	0.39773
31.00	44.13	25.30	0.37857
32.00	46.29	25.30	0.36089
33.00	48.49	25.30	0.34454
34.00	50.71	25.30	0.32939
35.00	52.98	25.30	0.31532
36.00	55.27	25.30	0.30222
37.00	57.60	25.30	0.29000
38.00	59.96	25.30	0.27859
39.00	62.36	25.30	0.26790
40.00	64.78	25.30	0.25787
41.00	67.24	25.30	0.24846
42.00	69.72	25.30	0.23960
43.00	72.24	25.30	0.23126
44.00	74.78	25.30	0.22339
45.00	77.36	25.30	0.21595
46.00	79.96	25.30	0.20892
47.00	82.59	25.30	0.20226
48.00	85.25	25.30	0.19595
49.00	87.94	25.30	0.18996
50.00	90.66	25.30	0.18427
51.00	93.40	25.30	0.17885
52.00	96.17	25.30	0.17370
53.00	98.97	25.30	0.16879
54.00	101.80	25.30	0.16410
55.00	104.65	25.30	0.15963
56.00	107.53	25.30	0.15535
57.00	110.43	25.30	0.15127
58.00	113.36	25.30	0.14736
59.00	116.32	25.30	0.14361
60.00	119.30	25.30	0.14003
61.00	122.31	25.30	0.13658
62.00	125.34	25.30	0.13328
63.00	128.40	25.30	0.13011
64.00	131.48	25.30	0.12706
65.00	134.58	25.30	0.12413
66.00	137.71	25.30	0.12131
67.00	140.86	25.30	0.11859
68.00	144.04	25.30	0.11598
69.00	147.24	25.30	0.11346
70.00	150.46	25.30	0.11102
71.00	153.71	25.30	0.10868
72.00	156.98	25.30	0.10642
73.00	160.27	25.30	0.10423
74.00	163.59	25.30	0.10212
75.00	166.93	25.30	0.10007
76.00	170.29	25.30	0.09810
77.00	173.67	25.30	0.09619
78.00	177.08	25.30	0.09434
79.00	180.50	25.30	0.09255
80.00	183.95	25.30	0.09081
81.00	187.42	25.30	0.08913
82.00	190.92	25.30	0.08750
83.00	194.43	25.30	0.08592
84.00	197.96	25.30	0.08439
85.00	201.52	25.30	0.08290
86.00	205.10	25.30	0.08145
87.00	208.70	25.30	0.08005
88.00	212.31	25.30	0.07868
89.00	215.95	25.30	0.07736
90.00	219.61	25.30	0.07607
91.00	223.29	25.30	0.07481
92.00	226.99	25.30	0.07359
93.00	230.71	25.30	0.07241
94.00	234.45	25.30	0.07125
95.00	238.21	25.30	0.07013
96.00	242.00	25.30	0.06903
97.00	245.79	25.30	0.06796
98.00	249.61	25.30	0.06692
99.00	253.45	25.30	0.06591
100.00	257.31	25.30	0.06492
101.00	261.19	25.30	0.06396
102.00	265.09	25.30	0.06302
103.00	269.00	25.30	0.06210
104.00	272.94	25.30	0.06121
105.00	276.89	25.30	0.06033
106.00	280.86	25.30	0.05948
107.00	284.85	25.30	0.05864
108.00	288.86	25.30	0.05783
109.00	292.89	25.30	0.05704
110.00	296.94	25.30	0.05626
111.00	301.00	25.30	0.05550
112.00	305.09	25.30	0.05476
113.00	309.19	25.30	0.05403
114.00	313.31	25.30	0.05332
115.00	317.44	25.30	0.05262
116.00	321.60	25.30	0.05194
117.00	325.77	25.30	0.05128
118.00	329.96	25.30	0.05063
119.00	334.17	25.30	0.04999
120.00	338.40	25.30	0.04937
121.00	342.64	25.30	0.04875
122.00	346.90	25.30	0.04816
123.00	351.18	25.30	0.04757
124.00	355.47	25.30	0.04699
125.00	359.78	25.30	0.04643
126.00	364.11	25.30	0.04588
127.00	368.46	25.30	0.04534
128.00	372.82	25.30	0.04481
129.00	377.20	25.30	0.04429
130.00	381.60	25.30	0.04378
131.00	386.01	25.30	0.04328
132.00	390.44	25.30	0.04279
133.00	394.89	25.30	0.04230
134.00	399.35	25.30	0.04183
135.00	403.83	25.30	0.04137
136.00	408.33	25.30	0.04091
137.00	412.84	25.30	0.04046
138.00	417.37	25.30	0.04003
139.00	421.91	25.30	0.03959
140.00	426.47	25.30	0.03917
141.00	431.05	25.30	0.03875
142.00	435.64	25.30	0.03835
143.00	440.25	25.30	0.03795
144.00	444.87	25.30	0.03755
145.00	449.51	25.30	0.03716
146.00	454.17	25.30	0.03678
147.00	458.84	25.30	0.03641
148.00	463.52	25.30	0.03604
149.00	468.23	25.30	0.03568
150.00	472.94	25.30	0.03532
151.00	477.68	25.30	0.03497
152.00	482.43	25.30	0.03463
153.00	487.19	25.30	0.03429
154.00	491.97	25.30	0.03396
155.00	496.76	25.30	0.03363
156.00	501.57	25.30	0.03331
157.00	506.39	25.30	0.03299
158.00	511.23	25.30	0.03268
159.00	516.09	25.30	0.03237
160.00	520.96	25.30	0.03207
161.00	525.84	25.30	0.03177
162.00	530.74	25.30	0.03148
163.00	535.65	25.30	0.03119
164.00	540.58	25.30	0.03090
165.00	545.52	25.30	0.03062
166.00	550.48	25.30	0.03035
167.00	555.45	25.30	0.03008
168.00	560.43	25.30	0.02981
169.00	565.43	25.30	0.02954
170.00	570.45	25.30	0.02928
171.00	575.48	25.30	0.02903
172.00	580.52	25.30	0.02878
173.00	585.58	25.30	0.02853
174.00	590.65	25.30	0.02828
175.00	595.73	25.30	0.02804
176.00	600.83	25.30	0.02780
177.00	605.95	25.30	0.02757
178.00	611.07	25.30	0.02734
179.00	616.21	25.30	0.02711
180.00	621.37	25.30	0.02688
181.00	626.54	25.30	0.02666
182.00	631.72	25.30	0.02644
183.00	636.92	25.30	0.02623
184.00	642.13	25.30	0.02602
185.00	647.35	25.30	0.02581
186.00	652.59	25.30	0.02560
187.00	657.84	25.30	0.02539
188.00	663.10	25.30	0.02519
189.00	668.38	25.30	0.02499
190.00	673.67	25.30	0.02480
191.00	678.98	25.30	0.02460
192.00	684.29	25.30	0.02441
193.00	689.62	25.30	0.02422
194.00	694.97	25.30	0.02404
195.00	700.33	25.30	0.02385
196.00	705.70	25.30	0.02367
197.00	711.08	25.30	0.02349
198.00	716.48	25.30	0.02332
199.00	721.89	25.30	0.02314
200.00	727.31	25.30	0.02297
201.00	732.74	25.30	0.02280
202.00	738.19	25.30	0.02263
203.00	743.65	25.30	0.02246
204.00	749.13	25.30	0.02230
205.00	754.61	25.30	0.02214
206.00	760.11	25.30	0.02198
207.00	765.63	25.30	0.02182
208.00	771.15	25.30	0.02166
209.00	776.69	25.30	0.02151
210.00	782.24	25.30	0.02136
211.00	787.80	25.10	0.01921
212.00	793.38	25.10	0.01907
213.00	798.96	25.10	0.01894
214.00	804.56	25.10	0.01881
215.00	810.18	25.10	0.01868
216.00	815.80	25.10	0.01855
217.00	821.44	25.10	0.01842
218.00	827.09	25.10	0.01830
219.00	832.75	25.10	0.01817
220.00	838.42	25.10	0.01805
221.00	844.11	25.10	0.01793
222.00	849.81	25.10	0.01781
223.00	855.52	25.10	0.01769
224.00	861.24	25.10	0.01757
225.00	866.97	25.10	0.01745
226.00	872.72	25.10	0.01734
227.00	878.48	25.10	0.01723
228.00	884.25	25.10	0.01711
229.00	890.03	25.10	0.01700
230.00	895.82	25.10	0.01689
231.00	901.63	25.10	0.01678
232.00	907.45	25.10	0.01668
233.00	913.28	25.10	0.01657
234.00	919.12	25.10	0.01646
235.00	924.97	25.10	0.01636
236.00	930.83	25.10	0.01626
237.00	936.71	25.10	0.01616
238.00	942.60	25.10	0.01605
239.00	948.50	25.10	0.01595
240.00	954.41	25.10	0.01586
241.00	960.33	25.10	0.01576
242.00	966.26	25.10	0.01566
243.00	972.21	25.10	0.01557
244.00	978.16	25.10	0.01547
245.00	984.13	25.10	0.01538
246.00	990.11	25.10	0.01528
247.00	996.10	25.10	0.01519
248.00	1002.10	25.10	0.01510
249.00	1008.11	25.10	0.01501
250.00	1014.14	25.10	0.01492
251.00	1020.17	25.10	0.01483
252.00	1026.22	25.10	0.01475
253.00	1032.27	25.10	0.01466
254.00	1038.34	25.10	0.01457
255.00	1044.42	25.10	0.01449
256.00	1050.51	25.10	0.01441
257.00	1056.61	25.10	0.01432
258.00	1062.73	25.10	0.01424
259.00	1068.85	25.10	0.01416
260.00	1074.98	25.10	0.01408
261.00	1081.13	25.10	0.00605
262.00	1087.28	25.10	0.00601
263.00	1093.45	25.10	0.00598
264.00	1099.63	25.10	0.00595
265.00	1105.82	25.10	0.00591
266.00	1112.01	25.10	0.00588
267.00	1118.22	25.10	0.00585
268.00	1124.44	25.10	0.00582
269.00	1130.67	25.10	0.00578
270.00	1136.92	25.10	0.00575
271.00	1143.17	25.10	0.00572
272.00	1149.43	25.10	0.00569
273.00	1155.70	25.10	0.00566
274.00	1161.99	25.10	0.00563
275.00	1168.28	25.10	0.00560
276.00	1174.58	25.10	0.00557
277.00	1180.90	25.10	0.00554
278.00	1187.22	25.10	0.00551
279.00	1193.56	25.10	0.00548
280.00	1199.91	25.10	0.00545
281.00	1206.26	25.10	0.00542
282.00	1212.63	25.10	0.00539
283.00	1219.01	25.10	0.00536
284.00	1225.39	25.10	0.00534
285.00	1231.79	25.10	0.00531
286.00	1238.20	25.10	0.00528
287.00	1244.61	25.10	0.00525
288.00	1251.04	25.10	0.00523
289.00	1257.48	25.10	0.00520
290.00	1263.93	25.10	0.00517
291.00	1270.38	25.10	0.00515
292.00	1276.85	25.10	0.00512
293.00	1283.33	25.10	0.00510
294.00	1289.82	25.10	0.00507
295.00	1296.31	25.10	0.00504
296.00	1302.82	25.10	0.00502
297.00	1309.34	25.10	0.00499
298.00	1315.87	25.10	0.00497
299.00	1322.40	25.10	0.00495
300.00	1328.95	25.10	0.00492
301.00	1335.51	25.10	0.00490
302.00	1342.07	25.10	0.00487
303.00	1348.65	25.10	0.00485
304.00	1355.23	25.10	0.00483
305.00	1361.83	25.10	0.00480
306.00	1368.43	25.10	0.00478
307.00	1375.05	25.10	0.00476
308.00	1381.67	25.10	0.00322
309.00	1388.31	25.10	0.00321
310.00	1394.95	25.10	0.00319
311.00	1401.60	25.10	0.00318
312.00	1408.27	25.10	0.00316
313.00	1414.94	25.10	0.00315
314.00	1421.62	25.10	0.00313
315.00	1428.31	25.10	0.00312
316.00	1435.01	25.10	0.00310
317.00	1441.72	25.10	0.00309
318.00	1448.44	25.10	0.00307
319.00	1455.17	25.10	0.00306
320.00	1461.91	25.10	0.00305
321.00	1468.65	25.10	0.00303
322.00	1475.41	25.10	0.00302
323.00	1482.17	25.10	0.00300
324.00	1488.95	25.10	0.00299
325.00	1495.73	25.10	0.00298
326.00	1502.53	25.10	0.00296
327.00	1509.33	25.10	0.00295
328.00	1516.14	25.10	0.00294
329.00	1522.96	25.10	0.00292
330.00	1529.79	25.10	0.00291
331.00	1536.63	25.10	0.00290
332.00	1543.48	25.10	0.00289
333.00	1550.33	25.10	0.00287
334.00	1557.20	25.10	0.00286
335.00	1564.08	25.10	0.00285
336.00	1570.96	25.10	0.00283
337.00	1577.85	25.10	0.00282
338.00	1584.75	25.10	0.00281
339.00	1591.66	25.10	0.00280
340.00	1598.58	25.10	0.00279
341.00	1605.51	25.10	0.00277
342.00	1612.45	25.10	0.00276
343.00	1619.39	25.10	0.00275
344.00	1626.35	25.10	0.00274
345.00	1633.31	25.10	0.00273
346.00	1640.29	25.10	0.00271
347.00	1647.27	25.10	0.00270
348.00	1654.26	25.10	0.00269
349.00	1661.25	25.10	0.00268
350.00	1668.26	25.10	0.00267
351.00	1675.28	25.10	0.00131
352.00	1682.30	25.10	0.00131
353.00	1689.33	25.10	0.00130
354.00	1696.38	25.10	0.00130
355.00	1703.43	25.10	0.00129
356.00	1710.48	25.10	0.00128
357.00	1717.55	25.10	0.00128
358.00	1724.63	25.10	0.00127
359.00	1731.71	25.10	0.00127
360.00	1738.80	25.10	0.00126
361.00	1745.90	25.10	0.00126
362.00	1753.01	25.10	0.00125
363.00	1760.13	25.10	0.00125
364.00	1767.26	25.10	0.00124
365.00	1774.39	25.10	0.00124
366.00	1781.53	25.10	0.00123
367.00	1788.69	25.10	0.00123
368.00	1795.84	25.10	0.00122
369.00	1803.01	25.10	0.00122
370.00	1810.19	25.10	0.00121
371.00	1817.37	25.10	0.00121
372.00	1824.56	25.10	0.00120
373.00	1831.77	25.10	0.00120
374.00	1838.97	25.10	0.00119
375.00	1846.19	25.10	0.00119
376.00	1853.42	25.10	0.00119
377.00	1860.65	25.10	0.00118
378.00	1867.89	25.10	0.00118
379.00	1875.14	25.10	0.00117
380.00	1882.40	25.10	0.00117
381.00	1889.66	25.10	0.00116
382.00	1896.94	25.10	0.00116
383.00	1904.22	25.10	0.00115
384.00	1911.51	25.10	0.00115
385.00	1918.80	25.10	0.00115
386.00	1926.11	25.10	0.00114
387.00	1933.42	25.10	0.00114
388.00	1940.74	25.10	0.00113
389.00	1948.07	25.10	0.00113
390.00	1955.41	25.10	0.00112
391.00	1962.75	25.10	0.00112
392.00	1970.11	25.10	0.00112
393.00	1977.47	25.10	0.00136
394.00	1984.84	25.10	0.00136
395.00	1992.21	25.10	0.00135
396.00	1999.60	25.10	0.00135
397.00	2006.99	25.10	0.00134
398.00	2014.39	25.10	0.00134
399.00	2021.79	25.10	0.00133
400.00	2029.21	25.10	0.00133
401.00	2036.63	25.10	0.00132
402.00	2044.06	25.10	0.00132
403.00	2051.50	25.10	0.00131
404.00	2058.94	25.10	0.00131
405.00	2066.39	25.10	0.00130
406.00	2073.85	25.10	0.00130
407.00	2081.32	25.10	0.00129
408.00	2088.80	25.10	0.00129
409.00	2096.28	25.10	0.00129
410.00	2103.77	25.10	0.00128
411.00	2111.27	25.10	0.00128
412.00	2118.77	25.10	0.00127
413.00	2126.29	25.10	0.00127
414.00	2133.81	25.10	0.00126
415.00	2141.33	25.10	0.00126
416.00	2148.87	25.10	0.00125
417.00	2156.41	25.10	0.00125
418.00	2163.96	25.10	0.00124
419.00	2171.52	25.10	0.00124
420.00	2179.08	25.10	0.00124
421.00	2186.65	25.10	0.00123
422.00	2194.23	25.10	0.00123
423.00	2201.82	25.10	0.00122
424.00	2209.41	25.10	0.00122
425.00	2217.01	25.10	0.00122
426.00	2224.62	25.10	0.00121
427.00	2232.24	25.10	0.00121
428.00	2239.86	25.10	0.00120
429.00	2247.49	25.10	0.00120
430.00	2255.13	25.10	0.00119
431.00	2262.77	25.10	0.00119
432.00	2270.42	25.10	0.00119
433.00	2278.08	25.10	0.00094
434.00	2285.74	25.10	0.00094
435.00	2293.42	25.10	0.00093
436.00	2301.10	25.10	0.00093
437.00	2308.78	25.10	0.00093
438.00	2316.48	25.10	0.00092
439.00	2324.18	25.10	0.00092
440.00	2331.88	25.10	0.00092
441.00	2339.60	25.10	0.00091
442.00	2347.32	25.10	0.00091
443.00	2355.05	25.10	0.00091
444.00	2362.78	25.10	0.00091
445.00	2370.52	25.10	0.00090
446.00	2378.27	25.10	0.00090
447.00	2386.03	25.10	0.00090
448.00	2393.79	25.10	0.00089
449.00	2401.56	25.10	0.00089
450.00	2409.34	25.10	0.00089
451.00	2417.12	25.10	0.00088
452.00	2424.91	25.10	0.00088
453.00	2432.71	25.10	0.00088
454.00	2440.51	25.10	0.00088
455.00	2448.32	25.10	0.00087
456.00	2456.14	25.10	0.00087
457.00	2463.96	25.10	0.00087
458.00	2471.79	25.10	0.00087
459.00	2479.63	25.10	0.00086
460.00	2487.47	25.10	0.00086
461.00	2495.32	25.10	0.00086
462.00	2503.18	25.10	0.00085
463.00	2511.04	25.10	0.00085
464.00	2518.91	25.10	0.00085
465.00	2526.79	25.10	0.00085
466.00	2534.67	25.10	0.00084
467.00	2542.56	25.10	0.00084
468.00	2550.46	25.10	0.00084
469.00	2558.36	25.10	0.00084
470.00	2566.27	25.10	0.00083
471.00	2574.19	25.10	0.00176
472.00	2582.11	25.10	0.00176
473.00	2590.04	25.10	0.00175
474.00	2597.97	25.10	0.00174
475.00	2605.92	25.10	0.00174
476.00	2613.86	25.10	0.00173
477.00	2621.82	25.10	0.00173
478.00	2629.78	25.10	0.00172
479.00	2637.75	25.10	0.00172
480.00	2645.72	25.10	0.00171
481.00	2653.70	25.10	0.00171
482.00	2661.69	25.10	0.00170
483.00	2669.68	25.10	0.00170
484.00	2677.68	25.10	0.00169
485.00	2685.68	25.10	0.00169
486.00	2693.69	25.10	0.00168
487.00	2701.71	25.10	0.00168
488.00	2709.74	25.10	0.00167
489.00	2717.77	25.10	0.00167
490.00	2725.80	25.10	0.00166
491.00	2733.84	25.10	0.00166
492.00	2741.89	25.10	0.00165
493.00	2749.95	25.10	0.00165
494.00	2758.01	25.10	0.00164
495.00	2766.08	25.10	0.00164
496.00	2774.15	25.10	0.00163
497.00	2782.23	25.10	0.00163
498.00	2790.31	25.10	0.00162
499.00	2798.41	25.10	0.00162
500.00	2806.50	25.10	0.00161
501.00	2814.61	25.10	0.00161
502.00	2822.72	25.10	0.00161
503.00	2830.83	25.10	0.00160
504.00	2838.95	25.10	0.00160
505.00	2847.08	25.10	0.00159
506.00	2855.21	25.10	0.00159
507.00	2863.35	25.10	0.00158
508.00	2871.50	25.10	0.00158
509.00	2879.65	25.10	0.00179
510.00	2887.81	25.10	0.00179
511.00	2895.97	25.10	0.00178
512.00	2904.14	25.10	0.00178
513.00	2912.31	25.10	0.00177
514.00	2920.49	25.10	0.00177
515.00	2928.68	25.10	0.00176
516.00	2936.87	25.10	0.00176
517.00	2945.07	25.10	0.00175
518.00	2953.27	25.10	0.00175
519.00	2961.48	25.10	0.00174
520.00	2969.70	25.10	0.00174
521.00	2977.92	25.10	0.00174
522.00	2986.15	25.10	0.00173
523.00	2994.38	25.10	0.00173
524.00	3002.62	25.10	0.00172
525.00	3010.86	25.10	0.00172
526.00	3019.11	25.10	0.00171
527.00	3027.37	25.10	0.00171
528.00	3035.63	25.10	0.00170
529.00	3043.89	25.10	0.00170
530.00	3052.17	25.10	0.00169
531.00	3060.44	25.10	0.00169
532.00	3068.73	25.10	0.00168
533.00	3077.02	25.10	0.00168
534.00	3085.31	25.10	0.00167
535.00	3093.61	25.10	0.00167
536.00	3101.92	25.10	0.00167
537.00	3110.23	25.10	0.00166
538.00	3118.54	25.10	0.00166
539.00	3126.87	25.10	0.00165
540.00	3135.19	25.10	0.00165
541.00	3143.53	25.10	0.00164
542.00	3151.87	25.10	0.00164
543.00	3160.21	25.10	0.00164
544.00	3168.56	25.10	0.00163
545.00	3176.91	25.10	0.00188
546.00	3185.27	25.10	0.00187
547.00	3193.64	25.10	0.00187
548.00	3202.01	25.10	0.00186
549.00	3210.39	25.10	0.00186
550.00	3218.77	25.10	0.00185
551.00	3227.15	25.10	0.00185
552.00	3235.55	25.10	0.00184
553.00	3243.94	25.10	0.00184
554.00	3252.35	25.10	0.00183
555.00	3260.76	25.10	0.00183
556.00	3269.17	25.10	0.00182
557.00	3277.59	25.10	0.00182
558.00	3286.01	25.10	0.00181
559.00	3294.44	25.10	0.00181
560.00	3302.87	25.10	0.00181
561.00	3311.31	25.10	0.00180
562.00	3319.76	25.10	0.00180
563.00	3328.21	25.10	0.00179
564.00	3336.66	25.10	0.00179
565.00	3345.12	25.10	0.00178
566.00	3353.59	25.10	0.00178
567.00	3362.06	25.10	0.00177
568.00	3370.54	25.10	0.00177
569.00	3379.02	25.10	0.00176
570.00	3387.50	25.10	0.00176
571.00	3395.99	25.10	0.00176
572.00	3404.49	25.10	0.00175
573.00	3412.99	25.10	0.00175
574.00	3421.49	25.10	0.00174
575.00	3430.01	25.10	0.00174
576.00	3438.52	25.10	0.00173
577.00	3447.04	25.10	0.00173
578.00	3455.57	25.10	0.00173
579.00	3464.10	25.10	0.00172
580.00	3472.63	25.10	0.00172
581.00	3481.17	25.10	0.00149
582.00	3489.72	25.10	0.00149
583.00	3498.27	25.10	0.00148
584.00	3506.83	25.10	0.00148
585.00	3515.39	25.10	0.00148
586.00	3523.95	25.10	0.00147
587.00	3532.52	25.10	0.00147
588.00	3541.10	25.10	0.00147
589.00	3549.68	25.10	0.00146
590.00	3558.26	25.10	0.00146
591.00	3566.85	25.10	0.00146
592.00	3575.44	25.10	0.00145
593.00	3584.04	25.10	0.00145
594.00	3592.65	25.10	0.00145
595.00	3601.25	25.10	0.00144
596.00	3609.87	25.10	0.00144
597.00	3618.48	25.10	0.00143
598.00	3627.11	25.10	0.00143
599.00	3635.73	25.10	0.00143
600.00	3644.37	25.10	0.00142
601.00	3653.00	25.10	0.00142
602.00	3661.64	25.10	0.00142
603.00	3670.29	25.10	0.00141
604.00	3678.94	25.10	0.00141
605.00	3687.59	25.10	0.00141
606.00	3696.25	25.10	0.00140
607.00	3704.92	25.10	0.00140
608.00	3713.59	25.10	0.00140
609.00	3722.26	25.10	0.00139
610.00	3730.94	25.10	0.00139
611.00	3739.62	25.10	0.00139
612.00	3748.31	25.10	0.00139
613.00	3757.00	25.10	0.00138
614.00	3765.70	25.10	0.00138
615.00	3774.40	25.10	0.00138
616.00	3783.10	25.10	0.00039
617.00	3791.81	25.10	0.00039
618.00	3800.53	25.10	0.00039
619.00	3809.24	25.10	0.00039
620.00	3817.97	25.10	0.00039
621.00	3826.69	25.10	0.00039
622.00	3835.43	25.10	0.00039
623.00	3844.16	25.10	0.00039
624.00	3852.90	25.10	0.00039
625.00	3861.65	25.10	0.00039
626.00	3870.40	25.10	0.00038
627.00	3879.15	25.10	0.00038
628.00	3887.91	25.10	0.00038
629.00	3896.67	25.10	0.00038
630.00	3905.44	25.10	0.00038
631.00	3914.21	25.10	0.00038
632.00	3922.98	25.10	0.00038
633.00	3931.76	25.10	0.00038
634.00	3940.55	25.10	0.00038
635.00	3949.33	25.10	0.00038
636.00	3958.13	25.10	0.00038
637.00	3966.92	25.10	0.00038
638.00	3975.72	25.10	0.00037
639.00	3984.53	25.10	0.00037
640.00	3993.34	25.10	0.00037
641.00	4002.15	25.10	0.00037
642.00	4010.97	25.10	0.00037
643.00	4019.79	25.10	0.00037
644.00	4028.62	25.10	0.00037
645.00	4037.45	25.10	0.00037
646.00	4046.28	25.10	0.00037
647.00	4055.12	25.10	0.00037
648.00	4063.96	25.10	0.00037
649.00	4072.81	25.10	0.00037
650.00	4081.66	25.10	0.00139
651.00	4090.51	25.10	0.00138
652.00	4099.37	25.10	0.00138
653.00	4108.23	25.10	0.00138
654.00	4117.10	25.10	0.00137
655.00	4125.97	25.10	0.00137
656.00	4134.84	25.10	0.00137
657.00	4143.72	25.10	0.00137
658.00	4152.60	25.10	0.00136
659.00	4161.49	25.10	0.00136
660.00	4170.38	25.10	0.00136
661.00	4179.27	25.10	0.00135
662.00	4188.17	25.10	0.00135
663.00	4197.07	25.10	0.00135
664.00	4205.98	25.10	0.00135
665.00	4214.89	25.10	0.00134
666.00	4223.80	25.10	0.00134
667.00	4232.72	25.10	0.00134
668.00	4241.64	25.10	0.00133
669.00	4250.57	25.10	0.00133
670.00	4259.50	25.10	0.00133
671.00	4268.43	25.10	0.00133
672.00	4277.37	25.10	0.00132
673.00	4286.31	25.10	0.00132
674.00	4295.25	25.10	0.00132
675.00	4304.20	25.10	0.00131
676.00	4313.15	25.10	0.00131
677.00	4322.11	25.10	0.00131
678.00	4331.07	25.10	0.00131
679.00	4340.03	25.10	0.00130
680.00	4349.00	25.10	0.00130
681.00	4357.97	25.10	0.00130
682.00	4366.94	25.10	0.00130
683.00	4375.92	25.10	0.00129
684.00	4384.90	25.10	0.00111
685.00	4393.89	25.10	0.00111
686.00	4402.88	25.10	0.00111
687.00	4411.87	25.10	0.00111
688.00	4420.87	25.10	0.00110
689.00	4429.87	25.10	0.00110
690.00	4438.87	25.10	0.00110
691.00	4447.88	25.10	0.00110
692.00	4456.89	25.10	0.00110
693.00	4465.90	25.10	0.00109
694.00	4474.92	25.10	0.00109
695.00	4483.94	25.10	0.00109
696.00	4492.97	25.10	0.00109
697.00	4501.99	25.10	0.00108
698.00	4511.03	25.10	0.00108
699.00	4520.06	25.10	0.00108
700.00	4529.10	25.10	0.00108
701.00	4538.14	25.10	0.00108
702.00	4547.19	25.10	0.00107
703.00	4556.24	25.10	0.00107
704.00	4565.29	25.10	0.00107
705.00	4574.35	25.10	0.00107
706.00	4583.40	25.10	0.00107
707.00	4592.47	25.10	0.00106
708.00	4601.53	25.10	0.00106
709.00	4610.60	25.10	0.00106
710.00	4619.68	25.10	0.00106
711.00	4628.75	25.10	0.00105
712.00	4637.83	25.10	0.00105
713.00	4646.92	25.10	0.00105
714.00	4656.00	25.10	0.00105
715.00	4665.09	25.10	0.00105
716.00	4674.18	25.10	0.00104
717.00	4683.28	25.10	0.00104
718.00	4692.38	25.10	0.00063
719.00	4701.48	25.10	0.00063
720.00	4710.59	25.10	0.00063
721.00	4719.70	25.10	0.00063
722.00	4728.81	25.10	0.00063
723.00	4737.93	25.10	0.00062
724.00	4747.05	25.10	0.00062
725.00	4756.17	25.10	0.00062
726.00	4765.29	25.10	0.00062
727.00	4774.42	25.10	0.00062
728.00	4783.56	25.10	0.00062
729.00	4792.69	25.10	0.00062
730.00	4801.83	25.10	0.00062
731.00	4810.97	25.10	0.00062
732.00	4820.11	25.10	0.00061
733.00	4829.26	25.10	0.00061
734.00	4838.41	25.10	0.00061
735.00	4847.57	25.10	0.00061
736.00	4856.72	25.10	0.00061
737.00	4865.88	25.10	0.00061
738.00	4875.05	25.10	0.00061
739.00	4884.21	25.10	0.00061
740.00	4893.38	25.10	0.00060
741.00	4902.55	25.10	0.00060
742.00	4911.73	25.10	0.00060
743.00	4920.90	25.10	0.00060
744.00	4930.09	25.10	0.00060
745.00	4939.27	25.10	0.00060
746.00	4948.46	25.10	0.00060
747.00	4957.65	25.10	0.00060
748.00	4966.84	25.10	0.00060
749.00	4976.04	25.10	0.00059
750.00	4985.23	25.10	0.00059
751.00	4994.44	25.10	0.00051
752.00	5003.64	25.10	0.00051
753.00	5012.85	25.10	0.00051
754.00	5022.06	25.10	0.00050
755.00	5031.27	25.10	0.00050
756.00	5040.49	25.10	0.00050
757.00	5049.71	25.10	0.00050
758.00	5058.93	25.10	0.00050
759.00	5068.15	25.10	0.00050
760.00	5077.38	25.10	0.00050
761.00	5086.61	25.10	0.00050
762.00	5095.84	25.10	0.00050
763.00	5105.08	25.10	0.00050
764.00	5114.32	25.10	0.00050
765.00	5123.56	25.10	0.00049
766.00	5132.80	25.10	0.00049
767.00	5142.05	25.10	0.00049
768.00	5151.30	25.10	0.00049
769.00	5160.55	25.10	0.00049
770.00	5169.81	25.10	0.00049
771.00	5179.06	25.10	0.00049
772.00	5188.32	25.10	0.00049
773.00	5197.59	25.10	0.00049
774.00	5206.85	25.10	0.00049
775.00	5216.12	25.10	0.00049
776.00	5225.39	25.10	0.00049
777.00	5234.67	25.10	0.00048
778.00	5243.94	25.10	0.00048
779.00	5253.22	25.10	0.00048
780.00	5262.50	25.10	0.00048
781.00	5271.79	25.10	0.00048
782.00	5281.07	25.10	0.00048
783.00	5290.36	25.10	0.00016
784.00	5299.66	25.10	0.00016
785.00	5308.95	25.10	0.00016
786.00	5318.25	25.10	0.00016
787.00	5327.55	25.10	0.00016
788.00	5336.85	25.10	0.00016
789.00	5346.15	25.10	0.00016
790.00	5355.46	25.10	0.00016
791.00	5364.77	25.10	0.00016
792.00	5374.08	25.10	0.00016
793.00	5383.39	25.10	0.00016
794.00	5392.71	25.10	0.00016
795.00	5402.03	25.10	0.00016
796.00	5411.35	25.10	0.00016
797.00	5420.68	25.10	0.00016
798.00	5430.00	25.10	0.00016
799.00	5439.33	25.10	0.00016
800.00	5448.66	25.10	0.00016
801.00	5458.00	25.10	0.00016
802.00	5467.33	25.10	0.00016
803.00	5476.67	25.10	0.00016
804.00	5486.01	25.10	0.00016
805.00	5495.35	25.10	0.00016
806.00	5504.70	25.10	0.00016
807.00	5514.05	25.10	0.00016
808.00	5523.40	25.10	0.00016
809.00	5532.75	25.10	0.00016
810.00	5542.10	25.10	0.00016
811.00	5551.46	25.10	0.00016
812.00	5560.82	25.10	0.00016
813.00	5570.18	25.10	0.00016
814.00	5579.54	25.10	0.00016
815.00	5588.91	25.10	0.00015
816.00	5598.28	25.10	0.00003
817.00	5607.65	25.10	0.00003
818.00	5617.02	25.10	0.00003
819.00	5626.40	25.10	0.00003
820.00	5635.77	25.10	0.00003
821.00	5645.15	25.10	0.00003
822.00	5654.53	25.10	0.00003
823.00	5663.92	25.10	0.00003
824.00	5673.30	25.10	0.00003
825.00	5682.69	25.10	0.00003
826.00	5692.08	25.10	0.00003
827.00	5701.47	25.10	0.00003
828.00	5710.86	25.10	0.00003
829.00	5720.26	25.10	0.00003
830.00	5729.66	25.10	0.00003
831.00	5739.06	25.10	0.00003
832.00	5748.46	25.10	0.00003
833.00	5757.86	25.10	0.00003
834.00	5767.27	25.10	0.00003
835.00	5776.68	25.10	0.00003
836.00	5786.09	25.10	0.00003
837.00	5795.50	25.10	0.00003
838.00	5804.91	25.10	0.00003
839.00	5814.33	25.10	0.00003
840.00	5823.75	25.10	0.00003
841.00	5833.17	25.10	0.00003
842.00	5842.59	25.10	0.00003
843.00	5852.01	25.10	0.00003
844.00	5861.44	25.10	0.00003
845.00	5870.87	25.10	0.00003
846.00	5880.30	25.10	0.00003
847.00	5889.73	25.10	0.00003
848.00	5899.16	25.10	0.00014
849.00	5908.60	25.10	0.00014
850.00	5918.03	25.10	0.00014
851.00	5927.47	25.10	0.00014
852.00	5936.91	25.10	0.00014
853.00	5946.36	25.10	0.00014
854.00	5955.80	25.10	0.00014
855.00	5965.25	25.10	0.00014
856.00	5974.69	25.10	0.00014
857.00	5984.14	25.10	0.00014
858.00	5993.60	25.10	0.00014
859.00	6003.05	25.10	0.00014
860.00	6012.51	25.10	0.00014
861.00	6021.96	25.10	0.00014
862.00	6031.42	25.10	0.00014
863.00	6040.88	25.10	0.00014
864.00	6050.34	25.10	0.00014
865.00	6059.81	25.10	0.00014
866.00	6069.27	25.10	0.00014
867.00	6078.74	25.10	0.00014
868.00	6088.21	25.10	0.00014
869.00	6097.68	25.10	0.00014
870.00	6107.15	25.10	0.00014
871.00	6116.63	25.10	0.00014
872.00	6126.10	25.10	0.00014
873.00	6135.58	25.10	0.00014
874.00	6145.06	25.10	0.00014
875.00	6154.54	25.10	0.00014
876.00	6164.02	25.10	0.00013
877.00	6173.50	25.10	0.00013
878.00	6182.99	25.10	0.00013
879.00	6192.47	25.10	0.00127
880.00	6201.96	25.10	0.00127
881.00	6211.45	25.10	0.00126
882.00	6220.94	25.10	0.00126
883.00	6230.44	25.10	0.00126
884.00	6239.93	25.10	0.00126
885.00	6249.43	25.10	0.00126
886.00	6258.92	25.10	0.00126
887.00	6268.42	25.10	0.00125
888.00	6277.92	25.10	0.00125
889.00	6287.42	25.10	0.00125
890.00	6296.93	25.10	0.00125
891.00	6306.43	25.10	0.00125
892.00	6315.94	25.10	0.00124
893.00	6325.45	25.10	0.00124
894.00	6334.95	25.10	0.00124
895.00	6344.46	25.10	0.00124
896.00	6353.98	25.10	0.00124
897.00	6363.49	25.10	0.00123
898.00	6373.00	25.10	0.00123
899.00	6382.52	25.10	0.00123
900.00	6392.04	25.10	0.00123
901.00	6401.55	25.10	0.00123
902.00	6411.07	25.10	0.00123
903.00	6420.60	25.10	0.00122
904.00	6430.12	25.10	0.00122
905.00	6439.64	25.10	0.00122
906.00	6449.17	25.10	0.00122
907.00	6458.69	25.10	0.00122
908.00	6468.22	25.10	0.00121
909.00	6477.75	25.10	0.00121
910.00	6487.28	25.10	0.00121
911.00	6496.81	25.00	0.00038
912.00	6506.34	25.00	0.00038
913.00	6515.88	25.00	0.00038
914.00	6525.41	25.00	0.00038
915.00	6534.95	25.00	0.00038
916.00	6544.48	25.00	0.00038
917.00	6554.02	25.00	0.00038
918.00	6563.56	25.00	0.00037
919.00	6573.10	25.00	0.00037
920.00	6582.65	25.00	0.00037
921.00	6592.19	25.00	0.00037
922.00	6601.73	25.00	0.00037
923.00	6611.28	25.00	0.00037
924.00	6620.82	25.00	0.00037
925.00	6630.37	25.00	0.00037
926.00	6639.92	25.00	0.00037
927.00	6649.47	25.00	0.00037
928.00	6659.02	25.00	0.00037
929.00	6668.57	25.00	0.00037
930.00	6678.13	25.00	0.00037
931.00	6687.68	25.00	0.00037
932.00	6697.23	25.00	0.00037
933.00	6706.79	25.00	0.00037
934.00	6716.35	25.00	0.00037
935.00	6725.90	25.00	0.00037
936.00	6735.46	25.00	0.00037
937.00	6745.02	25.00	0.00036
938.00	6754.58	25.00	0.00036
939.00	6764.15	25.00	0.00036
940.00	6773.71	25.00	0.00036
941.00	6783.27	25.00	0.00036
942.00	6792.84	25.00	0.00036
943.00	6802.40	25.10	0.00009
944.00	6811.97	25.10	0.00009
945.00	6821.54	25.10	0.00009
946.00	6831.10	25.10	0.00009
947.00	6840.67	25.10	0.00009
948.00	6850.24	25.10	0.00009
949.00	6859.81	25.10	0.00009
950.00	6869.39	25.10	0.00009
951.00	6878.96	25.10	0.00009
952.00	6888.53	25.10	0.00009
953.00	6898.11	25.10	0.00009
954.00	6907.68	25.10	0.00009
955.00	6917.26	25.10	0.00009
956.00	6926.83	25.10	0.00009
957.00	6936.41	25.10	0.00009
958.00	6945.99	25.10	0.00009
959.00	6955.57	25.10	0.00009
960.00	6965.15	25.10	0.00009
961.00	6974.73	25.10	0.00009
962.00	6984.31	25.10	0.00009
963.00	6993.89	25.10	0.00009
964.00	7003.47	25.10	0.00009
965.00	7013.05	25.10	0.00009
966.00	7022.64	25.10	0.00009
967.00	7032.22	25.10	0.00009
968.00	7041.81	25.10	0.00009
969.00	7051.39	25.10	0.00009
970.00	7060.98	25.10	0.00009
971.00	7070.57	25.10	0.00009
972.00	7080.15	25.10	0.00009
973.00	7089.74	25.10	0.00009
974.00	7099.33	25.10	0.00017
975.00	7108.92	25.10	0.00017
976.00	7118.51	25.10	0.00017
977.00	7128.10	25.10	0.00017
978.00	7137.69	25.10	0.00017
979.00	7147.28	25.10	0.00017
980.00	7156.88	25.10	0.00017
981.00	7166.47	25.10	0.00017
982.00	7176.06	25.10	0.00017
983.00	7185.66	25.10	0.00017
984.00	7195.25	25.10	0.00017
985.00	7204.84	25.10	0.00017
986.00	7214.44	25.10	0.00017
987.00	7224.04	25.10	0.00017
988.00	7233.63	25.10	0.00017
989.00	7243.23	25.10	0.00017
990.00	7252.83	25.10	0.00017
991.00	7262.42	25.10	0.00017
992.00	7272.02	25.10	0.00017
993.00	7281.62	25.10	0.00017
994.00	7291.22	25.10	0.00017
995.00	7300.82	25.10	0.00017
996.00	7310.42	25.10	0.00017
997.00	7320.02	25.10	0.00017
998.00	7329.62	25.10	0.00017
999.00	7339.22	25.10	0.00017
1000.00	7348.82	25.10	0.00017
1001.00	7358.42	25.10	0.00017
1002.00	7368.02	25.10	0.00017
1003.00	7377.62	25.10	0.00017
1004.00	7387.23	25.10	0.00017
1005.00	7396.83	25.10	0.00017
1006.00	7406.43	25.10	0.00027
1007.00	7416.03	25.10	0.00027
1008.00	7425.64	25.10	0.00027
1009.00	7435.24	25.10	0.00027
1010.00	7444.84	25.10	0.00027
1011.00	7454.45	25.10	0.00027
1012.00	7464.05	25.10	0.00027
1013.00	7473.66	25.10	0.00027
1014.00	7483.26	25.10	0.00027
1015.00	7492.87	25.10	0.00027
1016.00	7502.47	25.10	0.00027
1017.00	7512.08	25.10	0.00027
1018.00	7521.68	25.10	0.00027
1019.00	7531.29	25.10	0.00027
1020.00	7540.89	25.10	0.00027
1021.00	7550.50	25.10	0.00026
1022.00	7560.11	25.10	0.00026
1023.00	7569.71	25.10	0.00026
1024.00	7579.32	25.10	0.00026
1025.00	7588.92	25.10	0.00026
1026.00	7598.53	25.10	0.00026
1027.00	7608.14	25.10	0.00026
1028.00	7617.74	25.10	0.00026
1029.00	7627.35	25.10	0.00026
1030.00	7636.96	25.10	0.00026
1031.00	7646.56	25.10	0.00026
1032.00	7656.17	25.10	0.00026
1033.00	7665.78	25.10	0.00026
1034.00	7675.38	25.10	0.00026
1035.00	7684.99	25.10	0.00026
1036.00	7694.60	25.10	0.00026
1037.00	7704.20	25.10	0.00039
1038.00	7713.81	25.10	0.00039
1039.00	7723.42	25.10	0.00038
1040.00	7733.02	25.10	0.00038
1041.00	7742.63	25.10	0.00038
1042.00	7752.24	25.10	0.00038
1043.00	7761.84	25.10	0.00038
1044.00	7771.45	25.10	0.00038
1045.00	7781.05	25.10	0.00038
1046.00	7790.66	25.10	0.00038
1047.00	7800.27	25.10	0.00038
1048.00	7809.87	25.10	0.00038
1049.00	7819.48	25.10	0.00038
1050.00	7829.08	25.10	0.00038
1051.00	7838.69	25.10	0.00038
1052.00	7848.29	25.10	0.00038
1053.00	7857.90	25.10	0.00038
1054.00	7867.50	25.10	0.00038
1055.00	7877.11	25.10	0.00038
1056.00	7886.71	25.10	0.00038
1057.00	7896.31	25.10	0.00038
1058.00	7905.92	25.10	0.00038
1059.00	7915.52	25.10	0.00038
1060.00	7925.13	25.10	0.00038
1061.00	7934.73	25.10	0.00037
1062.00	7944.33	25.10	0.00037
1063.00	7953.93	25.10	0.00037
1064.00	7963.54	25.10	0.00037
1065.00	7973.14	25.10	0.00037
1066.00	7982.74	25.10	0.00037
1067.00	7992.34	25.10	0.00037
1068.00	8001.94	25.10	0.00010
1069.00	8011.54	25.10	0.00010
1070.00	8021.14	25.10	0.00010
1071.00	8030.74	25.10	0.00010
1072.00	8040.34	25.10	0.00010
1073.00	8049.94	25.10	0.00010
1074.00	8059.54	25.10	0.00010
1075.00	8069.14	25.10	0.00010
1076.00	8078.73	25.10	0.00010
1077.00	8088.33	25.10	0.00010
1078.00	8097.93	25.10	0.00010
1079.00	8107.52	25.10	0.00010
1080.00	8117.12	25.10	0.00010
1081.00	8126.72	25.10	0.00010
1082.00	8136.31	25.10	0.00010
1083.00	8145.91	25.10	0.00010
1084.00	8155.50	25.10	0.00010
1085.00	8165.09	25.10	0.00010
1086.00	8174.69	25.10	0.00010
1087.00	8184.28	25.10	0.00010
1088.00	8193.87	25.10	0.00010
1089.00	8203.46	25.10	0.00010
1090.00	8213.05	25.10	0.00010
1091.00	8222.64	25.10	0.00010
1092.00	8232.23	25.10	0.00010
1093.00	8241.82	25.10	0.00010
1094.00	8251.41	25.10	0.00010
1095.00	8261.00	25.10	0.00010
1096.00	8270.59	25.10	0.00010
1097.00	8280.17	25.10	0.00010
1098.00	8289.76	25.10	0.00010
1099.00	8299.34	25.10	0.00010
1100.00	8308.93	25.10	0.00029
1101.00	8318.51	25.10	0.00029
1102.00	8328.10	25.10	0.00029
1103.00	8337.68	25.10	0.00029
1104.00	8347.26	25.10	0.00029
1105.00	8356.84	25.10	0.00029
1106.00	8366.42	25.10	0.00029
1107.00	8376.00	25.10	0.00029
1108.00	8385.58	25.10	0.00029
1109.00	8395.16	25.10	0.00029
1110.00	8404.74	25.10	0.00029
1111.00	8414.32	25.10	0.00029
1112.00	8423.89	25.10	0.00029
1113.00	8433.47	25.10	0.00029
1114.00	8443.04	25.10	0.00029
1115.00	8452.62	25.10	0.00029
1116.00	8462.19	25.10	0.00029
1117.00	8471.76	25.10	0.00029
1118.00	8481.33	25.10	0.00029
1119.00	8490.90	25.10	0.00029
1120.00	8500.47	25.10	0.00029
1121.00	8510.04	25.10	0.00029
1122.00	8519.61	25.10	0.00028
1123.00	8529.18	25.10	0.00028
1124.00	8538.74	25.10	0.00028
1125.00	8548.31	25.10	0.00028
1126.00	8557.87	25.10	0.00028
1127.00	8567.43	25.10	0.00028
1128.00	8577.00	25.10	0.00028
1129.00	8586.56	25.10	0.00028
1130.00	8596.12	25.10	0.00028
1131.00	8605.68	25.10	0.00026
1132.00	8615.24	25.10	0.00026
1133.00	8624.79	25.10	0.00026
1134.00	8634.35	25.10	0.00026
1135.00	8643.91	25.10	0.00026
1136.00	8653.46	25.10	0.00026
1137.00	8663.01	25.10	0.00026
1138.00	8672.57	25.10	0.00026
1139.00	8682.12	25.10	0.00026
1140.00	8691.67	25.10	0.00026
1141.00	8701.22	25.10	0.00026
1142.00	8710.77	25.10	0.00026
1143.00	8720.31	25.10	0.00025
1144.00	8729.86	25.10	0.00025
1145.00	8739.40	25.10	0.00025
1146.00	8748.95	25.10	0.00025
1147.00	8758.49	25.10	0.00025
1148.00	8768.03	25.10	0.00025
1149.00	8777.57	25.10	0.00025
1150.00	8787.11	25.10	0.00025
1151.00	8796.65	25.10	0.00025
1152.00	8806.19	25.10	0.00025
1153.00	8815.72	25.10	0.00025
1154.00	8825.26	25.10	0.00025
1155.00	8834.79	25.10	0.00025
1156.00	8844.32	25.10	0.00025
1157.00	8853.85	25.10	0.00025
1158.00	8863.38	25.10	0.00025
1159.00	8872.91	25.10	0.00025
1160.00	8882.44	25.10	0.00025
1161.00	8891.96	25.10	0.00025
1162.00	8901.49	25.10	0.00049
1163.00	8911.01	25.10	0.00049
1164.00	8920.53	25.10	0.00049
1165.00	8930.05	25.10	0.00049
1166.00	8939.57	25.10	0.00049
1167.00	8949.09	25.10	0.00049
1168.00	8958.61	25.10	0.00048
1169.00	8968.12	25.10	0.00048
1170.00	8977.63	25.10	0.00048
1171.00	8987.15	25.10	0.00048
1172.00	8996.66	25.10	0.00048
1173.00	9006.17	25.10	0.00048
1174.00	9015.68	25.10	0.00048
1175.00	9025.18	25.10	0.00048
1176.00	9034.69	25.10	0.00048
1177.00	9044.19	25.10	0.00048
1178.00	9053.70	25.10	0.00048
1179.00	9063.20	25.10	0.00048
1180.00	9072.70	25.10	0.00048
1181.00	9082.19	25.10	0.00048
1182.00	9091.69	25.10	0.00048
1183.00	9101.19	25.10	0.00048
1184.00	9110.68	25.10	0.00048
1185.00	9120.17	25.10	0.00048
1186.00	9129.66	25.10	0.00048
1187.00	9139.15	25.10	0.00048
1188.00	9148.64	25.10	0.00047
1189.00	9158.13	25.10	0.00047
1190.00	9167.61	25.10	0.00047
1191.00	9177.09	25.10	0.00047
1192.00	9186.57	25.10	0.00047
1193.00	9196.05	25.10	0.00047
1194.00	9205.53	25.10	0.00002
1195.00	9215.01	25.10	0.00002
1196.00	9224.48	25.10	0.00002
1197.00	9233.96	25.10	0.00002
1198.00	9243.43	25.10	0.00002
1199.00	9252.90	25.10	0.00002
1200.00	9262.37	25.10	0.00002
1201.00	9271.83	25.10	0.00002
1202.00	9281.30	25.10	0.00002
1203.00	9290.76	25.10	0.00002
1204.00	9300.22	25.10	0.00002
1205.00	9309.68	25.10	0.00002
1206.00	9319.14	25.10	0.00002
1207.00	9328.60	25.10	0.00002
1208.00	9338.05	25.10	0.00002
1209.00	9347.50	25.10	0.00002
1210.00	9356.95	25.10	0.00002
1211.00	9366.40	25.10	0.00002
1212.00	9375.85	25.10	0.00002
1213.00	9385.30	25.10	0.00002
1214.00	9394.74	25.10	0.00002
1215.00	9404.18	25.10	0.00002
1216.00	9413.62	25.10	0.00002
1217.00	9423.06	25.10	0.00002
1218.00	9432.50	25.10	0.00002
1219.00	9441.93	25.10	0.00002
1220.00	9451.36	25.10	0.00002
1221.00	9460.79	25.10	0.00002
1222.00	9470.22	25.10	0.00002
1223.00	9479.65	25.10	0.00002
1224.00	9489.07	25.10	0.00002
1225.00	9498.50	25.10	0.00002
1226.00	9507.92	25.10	0.00004
1227.00	9517.34	25.10	0.00004
1228.00	9526.76	25.10	0.00004
1229.00	9536.17	25.10	0.00004
1230.00	9545.58	25.10	0.00004
1231.00	9555.00	25.10	0.00004
1232.00	9564.40	25.10	0.00004
1233.00	9573.81	25.10	0.00004
1234.00	9583.22	25.10	0.00004
1235.00	9592.62	25.10	0.00004
1236.00	9602.02	25.10	0.00004
1237.00	9611.42	25.10	0.00004
1238.00	9620.82	25.10	0.00004
1239.00	9630.21	25.10	0.00004
1240.00	9639.61	25.10	0.00004
1241.00	9649.00	25.10	0.00004
1242.00	9658.39	25.10	0.00004
1243.00	9667.77	25.10	0.00004
1244.00	9677.16	25.10	0.00004
1245.00	9686.54	25.10	0.00004
1246.00	9695.92	25.10	0.00004
1247.00	9705.30	25.10	0.00004
1248.00	9714.67	25.10	0.00004
1249.00	9724.05	25.10	0.00004
1250.00	9733.42	25.10	0.00004
1251.00	9742.79	25.10	0.00004
1252.00	9752.15	25.10	0.00004
1253.00	9761.52	25.10	0.00004
1254.00	9770.88	25.10	0.00004
1255.00	9780.24	25.10	0.00004
1256.00	9789.60	25.10	0.00004
1257.00	9798.96	25.10	0.00004
1258.00	9808.31	25.10	0.00026
1259.00	9817.66	25.10	0.00026
1260.00	9827.01	25.10	0.00026
1261.00	9836.36	25.10	0.00026
1262.00	9845.70	25.10	0.00026
1263.00	9855.04	25.10	0.00026
1264.00	9864.38	25.10	0.00026
1265.00	9873.72	25.10	0.00026
1266.00	9883.06	25.10	0.00026
1267.00	9892.39	25.10	0.00026
1268.00	9901.72	25.10	0.00026
1269.00	9911.05	25.10	0.00026
1270.00	9920.37	25.10	0.00026
1271.00	9929.70	25.10	0.00026
1272.00	9939.02	25.10	0.00026
1273.00	9948.33	25.10	0.00026
1274.00	9957.65	25.10	0.00026
1275.00	9966.96	25.10	0.00026
1276.00	9976.27	25.10	0.00026
1277.00	9985.58	25.10	0.00026
1278.00	9994.89	25.10	0.00026
1279.00	10004.19	25.10	0.00026
1280.00	10013.49	25.10	0.00026
1281.00	10022.79	25.10	0.00025
1282.00	10032.09	25.10	0.00025
1283.00	10041.38	25.10	0.00025
1284.00	10050.67	25.10	0.00025
1285.00	10059.96	25.10	0.00025
1286.00	10069.24	25.10	0.00025
1287.00	10078.53	25.10	0.00025
1288.00	10087.81	25.10	0.00025
1289.00	10097.09	25.10	0.00025
1290.00	10106.36	25.10	0.00025
1291.00	10115.63	25.10	0.00005
1292.00	10124.90	25.10	0.00005
1293.00	10134.17	25.10	0.00005
1294.00	10143.44	25.10	0.00005
1295.00	10152.70	25.10	0.00005
1296.00	10161.96	25.10	0.00005
1297.00	10171.21	25.10	0.00005
1298.00	10180.47	25.10	0.00005
1299.00	10189.72	25.10	0.00005
1300.00	10198.97	25.10	0.00005
1301.00	10208.21	25.10	0.00005
1302.00	10217.46	25.10	0.00005
1303.00	10226.70	25.10	0.00005
1304.00	10235.93	25.10	0.00005
1305.00	10245.17	25.10	0.00005
1306.00	10254.40	25.10	0.00005
1307.00	10263.63	25.10	0.00005
1308.00	10272.86	25.10	0.00005
1309.00	10282.08	25.10	0.00005
1310.00	10291.30	25.10	0.00005
1311.00	10300.52	25.10	0.00005
1312.00	10309.73	25.10	0.00005
1313.00	10318.94	25.10	0.00005
1314.00	10328.15	25.10	0.00005
1315.00	10337.36	25.10	0.00005
1316.00	10346.56	25.10	0.00005
1317.00	10355.76	25.10	0.00005
1318.00	10364.96	25.10	0.00005
1319.00	10374.16	25.10	0.00005
1320.00	10383.35	25.10	0.00005
1321.00	10392.54	25.10	0.00005
1322.00	10401.72	25.10	0.00005
1323.00	10410.90	25.10	0.00005
1324.00	10420.08	25.10	0.00012
1325.00	10429.26	25.10	0.00012
1326.00	10438.44	25.10	0.00012
1327.00	10447.61	25.10	0.00012
1328.00	10456.77	25.10	0.00012
1329.00	10465.94	25.10	0.00012
1330.00	10475.10	25.10	0.00012
1331.00	10484.26	25.10	0.00012
1332.00	10493.41	25.10	0.00012
1333.00	10502.57	25.10	0.00012
1334.00	10511.72	25.10	0.00012
1335.00	10520.86	25.10	0.00012
1336.00	10530.01	25.10	0.00012
1337.00	10539.15	25.10	0.00012
1338.00	10548.28	25.10	0.00012
1339.00	10557.42	25.10	0.00012
1340.00	10566.55	25.10	0.00012
1341.00	10575.67	25.10	0.00012
1342.00	10584.80	25.10	0.00012
1343.00	10593.92	25.10	0.00012
1344.00	10603.04	25.10	0.00012
1345.00	10612.15	25.10	0.00012
1346.00	10621.26	25.10	0.00012
1347.00	10630.37	25.10	0.00012
1348.00	10639.48	25.10	0.00012
1349.00	10648.58	25.10	0.00012
1350.00	10657.68	25.10	0.00012
1351.00	10666.77	25.10	0.00012
1352.00	10675.86	25.10	0.00012
1353.00	10684.95	25.10	0.00012
1354.00	10694.04	25.10	0.00012
1355.00	10703.12	25.10	0.00012
1356.00	10712.20	25.10	0.00024
1357.00	10721.27	25.10	0.00024
1358.00	10730.34	25.10	0.00024
1359.00	10739.41	25.10	0.00024
1360.00	10748.48	25.10	0.00024
1361.00	10757.54	25.10	0.00024
1362.00	10766.60	25.10	0.00024
1363.00	10775.65	25.10	0.00024
1364.00	10784.70	25.10	0.00024
1365.00	10793.75	25.10	0.00024
1366.00	10802.79	25.10	0.00024
1367.00	10811.83	25.10	0.00024
1368.00	10820.87	25.10	0.00024
1369.00	10829.91	25.10	0.00024
1370.00	10838.94	25.10	0.00024
1371.00	10847.96	25.10	0.00024
1372.00	10856.99	25.10	0.00024
1373.00	10866.01	25.10	0.00024
1374.00	10875.02	25.10	0.00024
1375.00	10884.04	25.10	0.00024
1376.00	10893.04	25.10	0.00024
1377.00	10902.05	25.10	0.00024
1378.00	10911.05	25.10	0.00024
1379.00	10920.05	25.10	0.00024
1380.00	10929.05	25.10	0.00024
1381.00	10938.04	25.10	0.00024
1382.00	10947.02	25.10	0.00024
1383.00	10956.01	25.10	0.00024
1384.00	10964.99	25.10	0.00024
1385.00	10973.96	25.10	0.00024
1386.00	10982.94	25.10	0.00024
1387.00	10991.91	25.10	0.00024
1388.00	11000.87	25.10	0.00024
1389.00	11009.83	25.10	0.00023
1390.00	11018.79	25.00	0.00013
1391.00	11027.75	25.00	0.00013
1392.00	11036.70	25.00	0.00013
1393.00	11045.64	25.00	0.00013
1394.00	11054.59	25.00	0.00013
1395.00	11063.52	25.00	0.00013
1396.00	11072.46	25.00	0.00013
1397.00	11081.39	25.00	0.00013
1398.00	11090.32	25.00	0.00013
1399.00	11099.24	25.00	0.00013
1400.00	11108.16	25.00	0.00013
1401.00	11117.08	25.00	0.00013
1402.00	11125.99	25.00	0.00013
1403.00	11134.90	25.00	0.00013
1404.00	11143.80	25.00	0.00013
1405.00	11152.71	25.00	0.00013
1406.00	11161.60	25.00	0.00013
1407.00	11170.49	25.00	0.00013
1408.00	11179.38	25.00	0.00013
1409.00	11188.27	25.00	0.00013
1410.00	11197.15	25.00	0.00013
1411.00	11206.03	25.00	0.00013
1412.00	11214.90	25.00	0.00013
1413.00	11223.77	25.00	0.00013
1414.00	11232.63	25.00	0.00013
1415.00	11241.49	25.00	0.00013
1416.00	11250.35	25.00	0.00013
1417.00	11259.20	25.00	0.00013
1418.00	11268.05	25.00	0.00013
1419.00	11276.90	25.00	0.00013
1420.00	11285.74	25.00	0.00013
1421.00	11294.57	25.00	0.00013
1422.00	11303.41	25.00	0.00013
1423.00	11312.23	25.00	0.00013
1424.00	11321.06	25.10	0.00018
1425.00	11329.88	25.10	0.00018
1426.00	11338.69	25.10	0.00018
1427.00	11347.50	25.10	0.00018
1428.00	11356.31	25.10	0.00018
1429.00	11365.11	25.10	0.00018
1430.00	11373.91	25.10	0.00018
1431.00	11382.71	25.10	0.00018
1432.00	11391.50	25.10	0.00018
1433.00	11400.29	25.10	0.00018
1434.00	11409.07	25.10	0.00018
1435.00	11417.85	25.10	0.00018
1436.00	11426.62	25.10	0.00018
1437.00	11435.39	25.10	0.00018
1438.00	11444.15	25.10	0.00018
1439.00	11452.91	25.10	0.00018
1440.00	11461.67	25.10	0.00018
1441.00	11470.42	25.10	0.00018
1442.00	11479.17	25.10	0.00018
1443.00	11487.91	25.10	0.00018
1444.00	11496.65	25.10	0.00018
1445.00	11505.39	25.10	0.00018
1446.00	11514.12	25.10	0.00018
1447.00	11522.84	25.10	0.00018
1448.00	11531.56	25.10	0.00018
1449.00	11540.28	25.10	0.00018
1450.00	11548.99	25.10	0.00018
1451.00	11557.70	25.10	0.00018
1452.00	11566.40	25.10	0.00018
1453.00	11575.10	25.10	0.00018
1454.00	11583.80	25.10	0.00018
1455.00	11592.48	25.10	0.00018
1456.00	11601.17	25.10	0.00018
1457.00	11609.85	25.10	0.00018
1458.00	11618.53	25.10	0.00002
1459.00	11627.20	25.10	0.00002
1460.00	11635.87	25.10	0.00002
1461.00	11644.53	25.10	0.00002
1462.00	11653.19	25.10	0.00002
1463.00	11661.84	25.10	0.00002
1464.00	11670.49	25.10	0.00002
1465.00	11679.13	25.10	0.00002
1466.00	11687.77	25.10	0.00002
1467.00	11696.41	25.10	0.00002
1468.00	11705.04	25.10	0.00002
1469.00	11713.66	25.10	0.00002
1470.00	11722.28	25.10	0.00002
1471.00	11730.90	25.10	0.00002
1472.00	11739.51	25.10	0.00002
1473.00	11748.11	25.10	0.00002
1474.00	11756.72	25.10	0.00002
1475.00	11765.31	25.10	0.00002
1476.00	11773.91	25.10	0.00002
1477.00	11782.49	25.10	0.00002
1478.00	11791.08	25.10	0.00002
1479.00	11799.65	25.10	0.00002
1480.00	11808.23	25.10	0.00002
1481.00	11816.79	25.10	0.00002
1482.00	11825.36	25.10	0.00002
1483.00	11833.91	25.10	0.00002
1484.00	11842.47	25.10	0.00002
1485.00	11851.02	25.10	0.00002
1486.00	11859.56	25.10	0.00002
1487.00	11868.10	25.10	0.00002
1488.00	11876.63	25.10	0.00002
1489.00	11885.16	25.10	0.00002
1490.00	11893.69	25.10	0.00002
1491.00	11902.20	25.10	0.00002
1492.00	11910.72	25.10	0.00002
1493.00	11919.23	25.10	0.00001
1494.00	11927.73	25.10	0.00001
1495.00	11936.23	25.10	0.00001
1496.00	11944.72	25.10	0.00001
1497.00	11953.21	25.10	0.00001
1498.00	11961.70	25.10	0.00001
1499.00	11970.17	25.10	0.00001
1500.00	11978.65	25.10	0.00001
1501.00	11987.12	25.10	0.00001
1502.00	11995.58	25.10	0.00001
1503.00	12004.04	25.10	0.00001
1504.00	12012.49	25.10	0.00001
1505.00	12020.94	25.10	0.00001
1506.00	12029.38	25.10	0.00001
1507.00	12037.82	25.10	0.00001
1508.00	12046.25	25.10	0.00001
1509.00	12054.68	25.10	0.00001
1510.00	12063.10	25.10	0.00001
1511.00	12071.52	25.10	0.00001
1512.00	12079.93	25.10	0.00001
1513.00	12088.33	25.10	0.00001
1514.00	12096.73	25.10	0.00001
1515.00	12105.13	25.10	0.00001
1516.00	12113.52	25.10	0.00001
1517.00	12121.90	25.10	0.00001
1518.00	12130.28	25.10	0.00001
1519.00	12138.66	25.10	0.00001
1520.00	12147.03	25.10	0.00001
1521.00	12155.39	25.10	0.00001
1522.00	12163.75	25.10	0.00001
1523.00	12172.10	25.10	0.00001
1524.00	12180.45	25.10	0.00001
1525.00	12188.79	25.10	0.00001
1526.00	12197.13	25.10	0.00001
1527.00	12205.46	25.10	0.00001
1528.00	12213.78	25.10	0.00001
1529.00	12222.10	25.10	0.00011
1530.00	12230.42	25.10	0.00011
1531.00	12238.72	25.10	0.00011
1532.00	12247.03	25.10	0.00011
1533.00	12255.33	25.10	0.00011
1534.00	12263.62	25.10	0.00011
1535.00	12271.90	25.10	0.00011
1536.00	12280.19	25.10	0.00011
1537.00	12288.46	25.10	0.00011
1538.00	12296.73	25.10	0.00011
1539.00	12305.00	25.10	0.00011
1540.00	12313.25	25.10	0.00011
1541.00	12321.51	25.10	0.00011
1542.00	12329.75	25.10	0.00011
1543.00	12338.00	25.10	0.00011
1544.00	12346.23	25.10	0.00011
1545.00	12354.46	25.10	0.00011
1546.00	12362.69	25.10	0.00011
1547.00	12370.91	25.10	0.00011
1548.00	12379.12	25.10	0.00011
1549.00	12387.33	25.10	0.00011
1550.00	12395.53	25.10	0.00011
1551.00	12403.72	25.10	0.00011
1552.00	12411.91	25.10	0.00011
1553.00	12420.10	25.10	0.00011
1554.00	12428.28	25.10	0.00011
1555.00	12436.45	25.10	0.00011
1556.00	12444.61	25.10	0.00011
1557.00	12452.78	25.10	0.00011
1558.00	12460.93	25.10	0.00011
1559.00	12469.08	25.10	0.00011
1560.00	12477.22	25.10	0.00011
1561.00	12485.36	25.10	0.00011
1562.00	12493.49	25.10	0.00011
1563.00	12501.61	25.10	0.00011
1564.00	12509.73	25.10	0.00011
1565.00	12517.85	25.10	0.00036
1566.00	12525.95	25.10	0.00036
1567.00	12534.06	25.10	0.00036
1568.00	12542.15	25.10	0.00036
1569.00	12550.24	25.10	0.00036
1570.00	12558.32	25.10	0.00036
1571.00	12566.40	25.10	0.00036
1572.00	12574.47	25.10	0.00036
1573.00	12582.53	25.10	0.00036
1574.00	12590.59	25.10	0.00036
1575.00	12598.64	25.10	0.00036
1576.00	12606.69	25.10	0.00036
1577.00	12614.73	25.10	0.00036
1578.00	12622.76	25.10	0.00036
1579.00	12630.79	25.10	0.00036
1580.00	12638.81	25.10	0.00036
1581.00	12646.83	25.10	0.00036
1582.00	12654.84	25.10	0.00036
1583.00	12662.84	25.10	0.00036
1584.00	12670.84	25.10	0.00036
1585.00	12678.83	25.10	0.00036
1586.00	12686.81	25.10	0.00036
1587.00	12694.79	25.10	0.00036
1588.00	12702.76	25.10	0.00036
1589.00	12710.72	25.10	0.00036
1590.00	12718.68	25.10	0.00036
1591.00	12726.63	25.10	0.00036
1592.00	12734.58	25.10	0.00036
1593.00	12742.52	25.10	0.00036
1594.00	12750.45	25.10	0.00035
1595.00	12758.38	25.10	0.00035
1596.00	12766.30	25.10	0.00035
1597.00	12774.21	25.10	0.00035
1598.00	12782.12	25.10	0.00035
1599.00	12790.02	25.10	0.00035
1600.00	12797.91	25.10	0.00035
1601.00	12805.80	25.10	0.00035
1602.00	12813.68	25.10	0.00035
1603.00	12821.55	25.10	0.00029
1604.00	12829.42	25.10	0.00029
1605.00	12837.28	25.10	0.00029
1606.00	12845.14	25.10	0.00029
1607.00	12852.98	25.10	0.00029
1608.00	12860.82	25.10	0.00029
1609.00	12868.66	25.10	0.00029
1610.00	12876.49	25.10	0.00029
1611.00	12884.31	25.10	0.00029
1612.00	12892.12	25.10	0.00029
1613.00	12899.93	25.10	0.00029
1614.00	12907.73	25.10	0.00029
1615.00	12915.52	25.10	0.00029
1616.00	12923.31	25.10	0.00029
1617.00	12931.09	25.10	0.00029
1618.00	12938.87	25.10	0.00029
1619.00	12946.63	25.10	0.00029
1620.00	12954.39	25.10	0.00029
1621.00	12962.14	25.10	0.00029
1622.00	12969.89	25.10	0.00029
1623.00	12977.63	25.10	0.00029
1624.00	12985.36	25.10	0.00029
1625.00	12993.09	25.10	0.00029
1626.00	13000.81	25.10	0.00029
1627.00	13008.52	25.10	0.00029
1628.00	13016.22	25.10	0.00029
1629.00	13023.92	25.10	0.00029
1630.00	13031.61	25.10	0.00029
1631.00	13039.29	25.10	0.00029
1632.00	13046.97	25.10	0.00029
1633.00	13054.64	25.10	0.00029
1634.00	13062.30	25.10	0.00029
1635.00	13069.96	25.10	0.00028
1636.00	13077.61	25.10	0.00028
1637.00	13085.25	25.10	0.00028
1638.00	13092.88	25.10	0.00028
1639.00	13100.51	25.10	0.00028
1640.00	13108.13	25.10	0.00028
1641.00	13115.74	25.10	0.00028
1642.00	13123.34	25.10	0.00015
1643.00	13130.94	25.10	0.00015
1644.00	13138.53	25.10	0.00015
1645.00	13146.12	25.10	0.00015
1646.00	13153.69	25.10	0.00015
1647.00	13161.26	25.10	0.00015
1648.00	13168.82	25.10	0.00015
1649.00	13176.38	25.10	0.00015
1650.00	13183.92	25.10	0.00015
1651.00	13191.46	25.10	0.00015
1652.00	13199.00	25.10	0.00015
1653.00	13206.52	25.10	0.00015
1654.00	13214.04	25.10	0.00015
1655.00	13221.55	25.10	0.00015
1656.00	13229.05	25.10	0.00015
1657.00	13236.54	25.10	0.00015
1658.00	13244.03	25.10	0.00015
1659.00	13251.51	25.10	0.00015
1660.00	13258.98	25.10	0.00015
1661.00	13266.45	25.10	0.00015
1662.00	13273.91	25.10	0.00015
1663.00	13281.36	25.10	0.00015
1664.00	13288.80	25.10	0.00015
1665.00	13296.23	25.10	0.00015
1666.00	13303.66	25.10	0.00015
1667.00	13311.08	25.10	0.00015
1668.00	13318.49	25.10	0.00015
1669.00	13325.89	25.10	0.00015
1670.00	13333.29	25.10	0.00015
1671.00	13340.68	25.10	0.00015
1672.00	13348.06	25.10	0.00015
1673.00	13355.43	25.10	0.00015
1674.00	13362.80	25.10	0.00015
1675.00	13370.15	25.10	0.00015
1676.00	13377.50	25.10	0.00015
1677.00	13384.84	25.10	0.00015
1678.00	13392.18	25.10	0.00015
1679.00	13399.50	25.10	0.00015
1680.00	13406.82	25.10	0.00015
1681.00	13414.13	25.10	0.00015
1682.00	13421.43	25.00	0.00038
1683.00	13428.73	25.00	0.00038
1684.00	13436.01	25.00	0.00038
1685.00	13443.29	25.00	0.00038
1686.00	13450.56	25.00	0.00038
1687.00	13457.82	25.00	0.00038
1688.00	13465.08	25.00	0.00038
1689.00	13472.33	25.00	0.00038
1690.00	13479.56	25.00	0.00038
1691.00	13486.79	25.00	0.00037
1692.00	13494.01	25.00	0.00037
1693.00	13501.23	25.00	0.00037
1694.00	13508.43	25.00	0.00037
1695.00	13515.63	25.00	0.00037
1696.00	13522.82	25.00	0.00037
1697.00	13530.00	25.00	0.00037
1698.00	13537.17	25.00	0.00037
1699.00	13544.34	25.00	0.00037
1700.00	13551.49	25.00	0.00037
1701.00	13558.64	25.00	0.00037
1702.00	13565.78	25.00	0.00037
1703.00	13572.91	25.00	0.00037
1704.00	13580.03	25.00	0.00037
1705.00	13587.15	25.00	0.00037
1706.00	13594.26	25.00	0.00037
1707.00	13601.35	25.00	0.00037
1708.00	13608.44	25.00	0.00037
1709.00	13615.52	25.00	0.00037
1710.00	13622.59	25.00	0.00037
1711.00	13629.66	25.00	0.00037
1712.00	13636.71	25.00	0.00037
1713.00	13643.76	25.00	0.00037
1714.00	13650.80	25.00	0.00037
1715.00	13657.83	25.00	0.00037
1716.00	13664.85	25.00	0.00037
1717.00	13671.86	25.00	0.00037
1718.00	13678.86	25.00	0.00037
1719.00	13685.86	25.00	0.00037
1720.00	13692.85	25.00	0.00037
1721.00	13699.82	25.00	0.00037
1722.00	13706.79	25.00	0.00037
1723.00	13713.75	25.00	0.00037
1724.00	13720.70	25.10	0.00038
1725.00	13727.64	25.10	0.00038
1726.00	13734.58	25.10	0.00038
1727.00	13741.50	25.10	0.00038
1728.00	13748.42	25.10	0.00038
1729.00	13755.33	25.10	0.00038
1730.00	13762.22	25.10	0.00038
1731.00	13769.11	25.10	0.00038
1732.00	13775.99	25.10	0.00038
1733.00	13782.87	25.10	0.00038
1734.00	13789.73	25.10	0.00038
1735.00	13796.58	25.10	0.00038
1736.00	13803.42	25.10	0.00038
1737.00	13810.26	25.10	0.00038
1738.00	13817.09	25.10	0.00038
1739.00	13823.90	25.10	0.00038
1740.00	13830.71	25.10	0.00038
1741.00	13837.51	25.10	0.00038
1742.00	13844.30	25.10	0.00038
1743.00	13851.08	25.10	0.00038
1744.00	13857.85	25.10	0.00038
1745.00	13864.61	25.10	0.00038
1746.00	13871.37	25.10	0.00038
1747.00	13878.11	25.10	0.00038
1748.00	13884.84	25.10	0.00038
1749.00	13891.57	25.10	0.00038
1750.00	13898.28	25.10	0.00038
1751.00	13904.99	25.10	0.00038
1752.00	13911.68	25.10	0.00038
1753.00	13918.37	25.10	0.00037
1754.00	13925.05	25.10	0.00037
1755.00	13931.72	25.10	0.00037
1756.00	13938.38	25.10	0.00037
1757.00	13945.03	25.10	0.00037
1758.00	13951.67	25.10	0.00037
1759.00	13958.30	25.10	0.00037
1760.00	13964.92	25.10	0.00037
1761.00	13971.53	25.10	0.00037
1762.00	13978.13	25.10	0.00037
1763.00	13984.72	25.10	0.00037
1764.00	13991.30	25.10	0.00037
1765.00	13997.87	25.10	0.00037
1766.00	14004.44	25.10	0.00037
1767.00	14010.99	25.10	0.00037
1768.00	14017.53	25.10	0.00037
1769.00	14024.06	25.10	0.00037
1770.00	14030.59	25.10	0.00016
1771.00	14037.10	25.10	0.00016
1772.00	14043.60	25.10	0.00016
1773.00	14050.10	25.10	0.00016
1774.00	14056.58	25.10	0.00016
1775.00	14063.06	25.10	0.00016
1776.00	14069.52	25.10	0.00016
1777.00	14075.97	25.10	0.00016
1778.00	14082.42	25.10	0.00016
1779.00	14088.85	25.10	0.00016
1780.00	14095.27	25.10	0.00016
1781.00	14101.69	25.10	0.00016
1782.00	14108.09	25.10	0.00016
1783.00	14114.48	25.10	0.00016
1784.00	14120.86	25.10	0.00016
1785.00	14127.24	25.10	0.00016
1786.00	14133.60	25.10	0.00016
1787.00	14139.95	25.10	0.00016
1788.00	14146.29	25.10	0.00016
1789.00	14152.62	25.10	0.00016
1790.00	14158.95	25.10	0.00016
1791.00	14165.26	25.10	0.00016
1792.00	14171.56	25.10	0.00016
1793.00	14177.85	25.10	0.00016
1794.00	14184.13	25.10	0.00016
1795.00	14190.39	25.10	0.00016
1796.00	14196.65	25.10	0.00016
1797.00	14202.90	25.10	0.00016
1798.00	14209.14	25.10	0.00016
1799.00	14215.36	25.10	0.00016
1800.00	14221.58	25.10	0.00016
1801.00	14227.78	25.10	0.00016
1802.00	14233.98	25.10	0.00016
1803.00	14240.16	25.10	0.00016
1804.00	14246.34	25.10	0.00016
1805.00	14252.50	25.10	0.00016
1806.00	14258.65	25.10	0.00016
1807.00	14264.79	25.10	0.00016
1808.00	14270.92	25.10	0.00016
1809.00	14277.04	25.10	0.00016
1810.00	14283.15	25.10	0.00016
1811.00	14289.24	25.10	0.00016
1812.00	14295.33	25.10	0.00016
1813.00	14301.40	25.10	0.00016
1814.00	14307.47	25.10	0.00016
1815.00	14313.52	25.10	0.00016
1816.00	14319.56	25.10	0.00016
1817.00	14325.59	25.10	0.00016
1818.00	14331.61	25.10	0.00008
1819.00	14337.62	25.10	0.00008
1820.00	14343.62	25.10	0.00008
1821.00	14349.60	25.10	0.00008
1822.00	14355.58	25.10	0.00008
1823.00	14361.54	25.10	0.00008
1824.00	14367.49	25.10	0.00008
1825.00	14373.43	25.10	0.00008
1826.00	14379.36	25.10	0.00008
1827.00	14385.28	25.10	0.00008
1828.00	14391.18	25.10	0.00008
1829.00	14397.08	25.10	0.00008
1830.00	14402.96	25.10	0.00008
1831.00	14408.83	25.10	0.00008
1832.00	14414.69	25.10	0.00008
1833.00	14420.54	25.10	0.00008
1834.00	14426.37	25.10	0.00008
1835.00	14432.20	25.10	0.00008
1836.00	14438.01	25.10	0.00008
1837.00	14443.81	25.10	0.00008
1838.00	14449.60	25.10	0.00008
1839.00	14455.38	25.10	0.00008
1840.00	14461.14	25.10	0.00008
1841.00	14466.90	25.10	0.00008
1842.00	14472.64	25.10	0.00008
1843.00	14478.37	25.10	0.00008
1844.00	14484.09	25.10	0.00008
1845.00	14489.79	25.10	0.00008
1846.00	14495.48	25.10	0.00008
1847.00	14501.17	25.10	0.00008
1848.00	14506.83	25.10	0.00008
1849.00	14512.49	25.10	0.00008
1850.00	14518.14	25.10	0.00008
1851.00	14523.77	25.10	0.00008
1852.00	14529.39	25.10	0.00008
1853.00	14535.00	25.10	0.00008
1854.00	14540.59	25.10	0.00008
1855.00	14546.17	25.10	0.00008
1856.00	14551.74	25.10	0.00008
1857.00	14557.30	25.10	0.00008
1858.00	14562.85	25.10	0.00008
1859.00	14568.38	25.10	0.00008
1860.00	14573.90	25.10	0.00008
1861.00	14579.41	25.10	0.00008
1862.00	14584.90	25.10	0.00008
1863.00	14590.38	25.10	0.00008
1864.00	14595.85	25.10	0.00008
1865.00	14601.31	25.10	0.00008
1866.00	14606.75	25.10	0.00008
1867.00	14612.18	25.10	0.00008
1868.00	14617.60	25.10	0.00008
1869.00	14623.00	25.10	0.00008
1870.00	14628.39	25.10	0.00008
1871.00	14633.77	25.10	0.00008
1872.00	14639.14	25.10	0.00038
1873.00	14644.49	25.10	0.00038
1874.00	14649.83	25.10	0.00038
1875.00	14655.15	25.10	0.00038
1876.00	14660.47	25.10	0.00038
1877.00	14665.76	25.10	0.00038
1878.00	14671.05	25.10	0.00038
1879.00	14676.32	25.10	0.00038
1880.00	14681.58	25.10	0.00038
1881.00	14686.83	25.10	0.00038
1882.00	14692.06	25.10	0.00038
1883.00	14697.28	25.10	0.00038
1884.00	14702.48	25.10	0.00038
1885.00	14707.67	25.10	0.00038
1886.00	14712.85	25.10	0.00038
1887.00	14718.01	25.10	0.00038
1888.00	14723.16	25.10	0.00038
1889.00	14728.30	25.10	0.00038
1890.00	14733.42	25.10	0.00038
1891.00	14738.53	25.10	0.00038
1892.00	14743.62	25.20	0.00086
1893.00	14748.70	25.20	0.00086
1894.00	14753.77	25.20	0.00086
1895.00	14758.82	25.20	0.00086
1896.00	14763.85	25.20	0.00086
1897.00	14768.88	25.20	0.00086
1898.00	14773.89	25.20	0.00086
1899.00	14778.88	25.20	0.00086
1900.00	14783.86	25.20	0.00086
1901.00	14788.83	25.20	0.00086
1902.00	14793.78	25.20	0.00086
1903.00	14798.71	25.20	0.00086
1904.00	14803.63	25.20	0.00086
1905.00	14808.54	25.20	0.00086
1906.00	14813.43	25.20	0.00086
1907.00	14818.31	25.20	0.00086
1908.00	14823.17	25.20	0.00086
1909.00	14828.02	25.20	0.00086
1910.00	14832.86	25.20	0.00086
1911.00	14837.67	25.20	0.00086
1912.00	14842.48	25.20	0.00086
1913.00	14847.26	25.20	0.00086
1914.00	14852.04	25.30	0.00123
1915.00	14856.79	25.30	0.00123
1916.00	14861.54	25.30	0.00123
1917.00	14866.26	25.30	0.00123
1918.00	14870.97	25.30	0.00123
1919.00	14875.67	25.30	0.00123
1920.00	14880.35	25.30	0.00123
1921.00	14885.01	25.30	0.00123
1922.00	14889.66	25.30	0.00123
1923.00	14894.30	25.30	0.00123
1924.00	14898.91	25.30	0.00123
1925.00	14903.52	25.30	0.00123
1926.00	14908.10	25.30	0.00123
1927.00	14912.67	25.30	0.00123
1928.00	14917.23	25.30	0.00123
1929.00	14921.76	25.30	0.00123
1930.00	14926.29	25.30	0.00123
1931.00	14930.79	25.30	0.00123
1932.00	14935.28	25.30	0.00123
1933.00	14939.75	25.30	0.00123
1934.00	14944.21	25.30	0.00123
1935.00	14948.65	25.30	0.00122
1936.00	14953.07	25.30	0.00112
1937.00	14957.48	25.30	0.00112
1938.00	14961.87	25.30	0.00112
1939.00	14966.24	25.30	0.00112
1940.00	14970.60	25.30	0.00112
1941.00	14974.94	25.30	0.00112
1942.00	14979.26	25.30	0.00112
1943.00	14983.57	25.30	0.00111
1944.00	14987.85	25.30	0.00111
1945.00	14992.12	25.30	0.00111
1946.00	14996.38	25.30	0.00111
1947.00	15000.61	25.30	0.00111
1948.00	15004.83	25.30	0.00111
1949.00	15009.03	25.30	0.00111
1950.00	15013.22	25.30	0.00111
1951.00	15017.38	25.30	0.00111
1952.00	15021.53	25.30	0.00111
1953.00	15025.66	25.30	0.00111
1954.00	15029.77	25.30	0.00111
1955.00	15033.87	25.30	0.00111
1956.00	15037.94	25.30	0.00111
1957.00	15042.00	25.30	0.00111
1958.00	15046.04	25.30	0.00111
1959.00	15050.06	25.30	0.00111
1960.00	15054.06	25.30	0.00111
1961.00	15058.05	25.30	0.00111
1962.00	15062.01	25.30	0.00111
1963.00	15065.96	25.30	0.00111
1964.00	15069.88	25.30	0.00111
1965.00	15073.79	25.30	0.00111
1966.00	15077.68	25.30	0.00111
1967.00	15081.55	25.30	0.00111
1968.00	15085.40	25.30	0.00111
1969.00	15089.23	25.30	0.00111
1970.00	15093.05	25.30	0.00111
1971.00	15096.84	25.30	0.00111
1972.00	15100.61	25.30	0.00111
1973.00	15104.36	25.30	0.00111
1974.00	15108.09	25.30	0.00111
1975.00	15111.81	25.30	0.00111
1976.00	15115.50	25.30	0.00111
1977.00	15119.17	25.30	0.00110
1978.00	15122.82	25.30	0.00110
1979.00	15126.45	25.30	0.00110
1980.00	15130.06	25.30	0.00110
1981.00	15133.65	25.30	0.00110
1982.00	15137.22	25.30	0.00110
1983.00	15140.77	25.30	0.00110
1984.00	15144.30	25.30	0.00110
1985.00	15147.80	25.30	0.00110
1986.00	15151.29	25.30	0.00110
1987.00	15154.75	25.30	0.00110
1988.00	15158.19	25.30	0.00110
1989.00	15161.61	25.30	0.00110
1990.00	15165.00	25.30	0.00110
1991.00	15168.38	25.30	0.00110
1992.00	15171.73	25.30	0.00110
1993.00	15175.06	25.30	0.00110
1994.00	15178.36	25.30	0.00110
1995.00	15181.65	25.30	0.00110
1996.00	15184.91	25.30	0.00110
1997.00	15188.15	25.30	0.00110
1998.00	15191.36	25.30	0.00110
1999.00	15194.55	25.30	0.00110
2000.00	15197.72	25.30	0.00110
2001.00	15200.86	25.30	0.00110
2002.00	15203.98	25.30	0.00110
2003.00	15207.08	25.30	0.00110
2004.00	15210.15	25.30	0.00110
2005.00	15213.19	25.30	0.00110
2006.00	15216.22	25.30	0.00110
2007.00	15219.21	25.30	0.00110
2008.00	15222.18	25.30	0.00110
2009.00	15225.13	25.30	0.00110
2010.00	15228.05	25.30	0.00110
2011.00	15230.94	25.30	0.00110
2012.00	15233.81	25.30	0.00110
2013.00	15236.65	25.30	0.00110
2014.00	15239.47	25.30	0.00110
2015.00	15242.26	25.30	0.00110
2016.00	15245.02	25.30	0.00110
2017.00	15247.75	25.30	0.00110
2018.00	15250.46	25.30	0.00110
2019.00	15253.13	25.30	0.00110
2020.00	15255.78	25.30	0.00110
2021.00	15258.40	25.30	0.00109
2022.00	15261.00	25.30	0.00109
2023.00	15263.56	25.30	0.00109
2024.00	15266.09	25.30	0.00109
2025.00	15268.59	25.30	0.00109
2026.00	15271.07	25.30	0.00109
2027.00	15273.51	25.30	0.00109
2028.00	15275.92	25.30	0.00109
2029.00	15278.30	25.30	0.00109
2030.00	15280.65	25.30	0.00109
2031.00	15282.97	25.30	0.00109
2032.00	15285.25	25.30	0.00109
2033.00	15287.50	25.30	0.00109
2034.00	15289.72	25.30	0.00109
2035.00	15291.90	25.30	0.00109
2036.00	15294.05	25.30	0.00109
2037.00	15296.16	25.30	0.00109
2038.00	15298.23	25.30	0.00109
2039.00	15300.27	25.30	0.00109
2040.00	15302.28	25.30	0.00109
2041.00	15304.24	25.30	0.00109
2042.00	15306.17	25.30	0.00109
2043.00	15308.06	25.30	0.00109
2044.00	15309.90	25.30	0.00109
2045.00	15311.71	25.30	0.00109
2046.00	15313.47	25.30	0.00109
2047.00	15315.19	25.30	0.00109
2048.00	15316.87	25.30	0.00109
2049.00	15318.50	25.30	0.00109
2050.00	15320.09	25.30	0.00109
2051.00	15321.63	25.30	0.00109
2052.00	15323.12	25.30	0.00109
2053.00	15324.56	25.30	0.00109
2054.00	15325.94	25.30	0.00109
2055.00	15327.27	25.30	0.00109
2056.00	15328.55	25.30	0.00109
2057.00	15329.76	25.30	0.00109
2058.00	15330.92	25.30	0.00109
2059.00	15332.00	25.30	0.00109
2060.00	15333.02	25.30	0.00109
2061.00	15333.96	25.30	0.00109
2062.00	15334.82	25.30	0.00109
2063.00	15335.59	25.30	0.00109
2064.00	15336.26	25.30	0.00109
2065.00	15336.81	25.30	0.00109
2066.00	15337.20	25.30	0.00109
