0.00	0.00	25.40	0.00000
1.00	1.30	25.40	37.19362
2.00	3.70	25.40	13.14559
3.00	6.70	25.40	7.15399
4.00	1.04	25.40	4.64590
5.00	1.45	25.40	3.32393
6.00	1.90	25.40	2.52835
7.00	2.40	25.40	2.00624
8.00	2.93	25.40	1.64198
9.00	3.50	25.40	1.37600
10.00	4.10	25.40	1.17481
11.00	4.73	25.40	1.01827
12.00	5.39	25.40	0.89366
13.00	6.07	25.40	0.79255
14.00	6.79	25.40	0.70916
15.00	7.53	25.40	0.63944
16.00	8.29	25.40	0.58044
17.00	9.08	25.40	0.52999
18.00	9.90	25.40	0.48645
19.00	10.73	25.40	0.44856
20.00	11.59	25.40	0.41535
21.00	12.47	25.40	0.38605
22.00	13.37	25.40	0.36004
23.00	14.29	25.40	0.33682
24.00	15.24	25.40	0.31600
25.00	16.20	25.40	0.29725
26.00	17.18	25.40	0.28027
27.00	18.18	25.40	0.26486
28.00	19.20	25.40	0.25081
29.00	20.23	25.40	0.23796
30.00	21.29	25.40	0.22617
31.00	22.36	25.40	0.21532
32.00	23.45	25.40	0.20532
33.00	24.55	25.40	0.19607
34.00	25.68	25.40	0.18749
35.00	26.82	25.40	0.17952
36.00	27.97	25.40	0.17211
37.00	29.15	25.40	0.16518
38.00	30.33	25.40	0.15872
39.00	31.54	25.40	0.15266
40.00	32.76	25.40	0.14698
41.00	33.99	25.40	0.14164
42.00	35.24	25.40	0.13662
43.00	36.50	25.40	0.13189
44.00	37.78	25.40	0.12743
45.00	39.07	25.40	0.12322
46.00	40.38	25.40	0.11923
47.00	41.70	25.40	0.11545
48.00	43.04	25.40	0.11187
49.00	44.38	25.40	0.10847
50.00	45.75	25.40	0.10524
51.00	47.12	25.40	0.10217
52.00	48.51	25.40	0.09924
53.00	49.91	25.40	0.09645
54.00	51.33	25.40	0.09379
55.00	52.76	25.40	0.09125
56.00	54.20	25.40	0.08883
57.00	55.65	25.40	0.08651
58.00	57.12	25.40	0.08429
59.00	58.60	25.40	0.08216
60.00	60.09	25.40	0.08012
61.00	61.59	25.40	0.07816
62.00	63.11	25.40	0.07629
63.00	64.64	25.40	0.07448
64.00	66.18	25.40	0.07275
65.00	67.73	25.40	0.07108
66.00	69.29	25.40	0.06948
67.00	70.87	25.40	0.06794
68.00	72.45	25.40	0.06645
69.00	74.05	25.40	0.06501
70.00	75.66	25.40	0.06363
71.00	77.28	25.40	0.06230
72.00	78.91	25.40	0.06101
73.00	80.55	25.40	0.05977
74.00	82.21	25.40	0.05856
75.00	83.87	25.40	0.05740
76.00	85.55	25.40	0.05628
77.00	87.23	25.40	0.05519
78.00	88.93	25.40	0.05414
79.00	90.64	25.40	0.05312
80.00	92.36	25.40	0.05213
81.00	94.08	25.40	0.05117
82.00	95.82	25.40	0.05024
83.00	97.57	25.40	0.04934
84.00	99.33	25.40	0.04847
85.00	101.10	25.40	0.04762
86.00	102.88	25.40	0.04679
87.00	104.67	25.40	0.04599
88.00	106.47	25.40	0.04522
89.00	108.28	25.40	0.04446
90.00	110.10	25.40	0.04373
91.00	111.93	25.40	0.04301
92.00	113.77	25.40	0.04232
93.00	115.62	25.40	0.04164
94.00	117.48	25.40	0.04098
95.00	119.34	25.40	0.04034
96.00	121.22	25.40	0.03971
97.00	123.11	25.40	0.03911
98.00	125.01	25.40	0.03851
99.00	126.91	25.40	0.03793
100.00	128.83	25.40	0.03737
101.00	130.75	25.40	0.03682
102.00	132.68	25.40	0.03628
103.00	134.63	25.40	0.03576
104.00	136.58	25.40	0.03525
105.00	138.54	25.40	0.03475
106.00	140.51	25.40	0.03426
107.00	142.49	25.40	0.03379
108.00	144.48	25.40	0.03332
109.00	146.47	25.40	0.03287
110.00	148.48	25.40	0.03242
111.00	150.49	25.40	0.03199
112.00	152.51	25.40	0.03157
113.00	154.54	25.40	0.03115
114.00	156.58	25.40	0.03075
115.00	158.63	25.40	0.03035
116.00	160.69	25.40	0.02996
117.00	162.75	25.40	0.02958
118.00	164.83	25.40	0.02921
119.00	166.91	25.40	0.02884
120.00	169.00	25.40	0.02849
121.00	171.10	25.40	0.02814
122.00	173.21	25.40	0.02780
123.00	175.32	25.40	0.02746
124.00	177.45	25.40	0.02713
125.00	179.58	25.40	0.02681
126.00	181.72	25.40	0.02649
127.00	183.87	25.40	0.02618
128.00	186.02	25.40	0.02588
129.00	188.19	25.40	0.02558
130.00	190.36	25.40	0.02529
131.00	192.54	25.40	0.02500
132.00	194.73	25.40	0.02472
133.00	196.92	25.40	0.02445
134.00	199.12	25.40	0.02418
135.00	201.34	25.40	0.02391
136.00	203.55	25.40	0.02365
137.00	205.78	25.40	0.02340
138.00	208.02	25.40	0.02314
139.00	210.26	25.40	0.02290
140.00	212.51	25.40	0.02265
141.00	214.76	25.40	0.02242
142.00	217.03	25.40	0.02218
143.00	219.30	25.40	0.02195
144.00	221.58	25.40	0.02173
145.00	223.87	25.40	0.02151
146.00	226.16	25.40	0.02129
147.00	228.46	25.40	0.02107
148.00	230.77	25.40	0.02086
149.00	233.09	25.40	0.02065
150.00	235.41	25.40	0.02045
151.00	237.75	25.40	0.02025
152.00	240.08	25.40	0.02005
153.00	242.43	25.40	0.01986
154.00	244.78	25.40	0.01967
155.00	247.14	25.40	0.01948
156.00	249.51	25.40	0.01930
157.00	251.88	25.40	0.01911
158.00	254.27	25.40	0.01893
159.00	256.65	25.40	0.01876
160.00	259.05	25.40	0.01858
161.00	261.45	25.40	0.01841
162.00	263.86	25.40	0.01825
163.00	266.28	25.40	0.01808
164.00	268.70	25.40	0.01792
165.00	271.13	25.40	0.01776
166.00	273.57	25.40	0.01760
167.00	276.01	25.40	0.01744
168.00	278.46	25.40	0.01729
169.00	280.92	25.40	0.01714
170.00	283.38	25.40	0.01699
171.00	285.85	25.40	0.01684
172.00	288.33	25.40	0.01670
173.00	290.81	25.40	0.01655
174.00	293.30	25.40	0.01641
175.00	295.80	25.40	0.01628
176.00	298.31	25.40	0.01614
177.00	300.82	25.40	0.01600
178.00	303.33	25.40	0.01587
179.00	305.86	25.40	0.01574
180.00	308.39	25.40	0.01561
181.00	310.92	25.40	0.01548
182.00	313.47	25.40	0.01536
183.00	316.01	25.40	0.01523
184.00	318.57	25.40	0.01511
185.00	321.13	25.40	0.01499
186.00	323.70	25.40	0.01487
187.00	326.28	25.40	0.01476
188.00	328.86	25.40	0.01464
189.00	331.44	25.40	0.01453
190.00	334.04	25.40	0.01441
191.00	336.64	25.40	0.01430
192.00	339.24	25.40	0.01419
193.00	341.86	25.40	0.01408
194.00	344.48	25.40	0.01398
195.00	347.10	25.40	0.01387
196.00	349.73	25.40	0.01377
197.00	352.37	25.40	0.01366
198.00	355.01	25.40	0.01356
199.00	357.66	25.40	0.01346
200.00	360.32	25.40	0.01336
201.00	362.98	25.40	0.01326
202.00	365.64	25.40	0.01317
203.00	368.32	25.40	0.01307
204.00	371.00	25.40	0.01298
205.00	373.68	25.40	0.01288
206.00	376.37	25.40	0.01279
207.00	379.07	25.40	0.01270
208.00	381.77	25.40	0.01261
209.00	384.48	25.40	0.01252
210.00	387.20	25.40	0.01243
211.00	389.92	25.40	0.01235
212.00	392.64	25.40	0.01226
213.00	395.38	25.40	0.01218
214.00	398.11	25.40	0.01209
215.00	400.86	25.40	0.01201
216.00	403.61	25.40	0.01193
217.00	406.36	25.40	0.01185
218.00	409.12	25.40	0.01177
219.00	411.89	25.00	0.00589
220.00	414.66	25.00	0.00585
221.00	417.44	25.00	0.00581
222.00	420.22	25.00	0.00578
223.00	423.01	25.00	0.00574
224.00	425.81	25.00	0.00570
225.00	428.61	25.00	0.00566
226.00	431.41	25.00	0.00563
227.00	434.23	25.00	0.00559
228.00	437.04	25.00	0.00555
229.00	439.86	25.00	0.00552
230.00	442.69	25.00	0.00548
231.00	445.53	25.00	0.00545
232.00	448.37	25.00	0.00541
233.00	451.21	25.00	0.00538
234.00	454.06	25.00	0.00535
235.00	456.91	25.00	0.00531
236.00	459.78	25.00	0.00528
237.00	462.64	25.00	0.00525
238.00	465.51	25.00	0.00521
239.00	468.39	25.00	0.00518
240.00	471.27	25.00	0.00515
241.00	474.16	25.00	0.00512
242.00	477.05	25.00	0.00509
243.00	479.95	25.00	0.00506
244.00	482.85	25.00	0.00503
245.00	485.76	25.00	0.00500
246.00	488.68	25.00	0.00497
247.00	491.60	25.00	0.00494
248.00	494.52	25.00	0.00491
249.00	497.45	25.00	0.00488
250.00	500.38	25.00	0.00485
251.00	503.32	25.00	0.00482
252.00	506.27	25.00	0.00479
253.00	509.22	25.00	0.00477
254.00	512.17	25.00	0.00474
255.00	515.13	25.00	0.00471
256.00	518.10	25.00	0.00469
257.00	521.07	25.00	0.00466
258.00	524.04	25.00	0.00463
259.00	527.03	25.00	0.00461
260.00	530.01	25.00	0.00458
261.00	533.00	25.00	0.00455
262.00	536.00	25.00	0.00453
263.00	539.00	25.00	0.00450
264.00	542.00	25.00	0.00448
265.00	545.01	25.00	0.00445
266.00	548.03	25.00	0.00443
267.00	551.05	25.00	0.00440
268.00	554.07	25.00	0.00438
269.00	557.10	25.00	0.00436
270.00	560.14	25.00	0.00433
271.00	563.18	25.00	0.00431
272.00	566.22	25.00	0.00429
273.00	569.27	25.00	0.00426
274.00	572.33	25.00	0.00424
275.00	575.39	25.00	0.00422
276.00	578.45	25.00	0.00420
277.00	581.52	25.00	0.00417
278.00	584.59	25.00	0.00415
279.00	587.67	25.00	0.00413
280.00	590.76	25.00	0.00411
281.00	593.84	25.00	0.00409
282.00	596.94	25.00	0.00407
283.00	600.03	25.00	0.00405
284.00	603.14	25.00	0.00402
285.00	606.24	25.00	0.00400
286.00	609.35	25.00	0.00094
287.00	612.47	25.00	0.00093
288.00	615.59	25.00	0.00093
289.00	618.72	25.00	0.00093
290.00	621.85	25.00	0.00092
291.00	624.98	25.00	0.00092
292.00	628.12	25.00	0.00091
293.00	631.26	25.00	0.00091
294.00	634.41	25.00	0.00090
295.00	637.56	25.00	0.00090
296.00	640.72	25.00	0.00089
297.00	643.88	25.00	0.00089
298.00	647.05	25.00	0.00088
299.00	650.22	25.00	0.00088
300.00	653.40	25.00	0.00088
301.00	656.58	25.00	0.00087
302.00	659.76	25.00	0.00087
303.00	662.95	25.00	0.00086
304.00	666.14	25.00	0.00086
305.00	669.34	25.00	0.00086
306.00	672.54	25.00	0.00085
307.00	675.75	25.00	0.00085
308.00	678.96	25.00	0.00084
309.00	682.17	25.00	0.00084
310.00	685.39	25.00	0.00084
311.00	688.62	25.00	0.00083
312.00	691.85	25.00	0.00083
313.00	695.08	25.00	0.00082
314.00	698.32	25.00	0.00082
315.00	701.56	25.00	0.00082
316.00	704.80	25.00	0.00081
317.00	708.05	25.00	0.00081
318.00	711.31	25.00	0.00080
319.00	714.57	25.00	0.00080
320.00	717.83	25.00	0.00080
321.00	721.10	25.00	0.00079
322.00	724.37	25.00	0.00079
323.00	727.64	25.00	0.00079
324.00	730.92	25.00	0.00078
325.00	734.21	25.00	0.00078
326.00	737.49	25.00	0.00078
327.00	740.79	25.00	0.00077
328.00	744.08	25.00	0.00077
329.00	747.38	25.00	0.00077
330.00	750.69	25.00	0.00076
331.00	754.00	25.00	0.00076
332.00	757.31	25.00	0.00076
333.00	760.63	25.00	0.00075
334.00	763.95	25.00	0.00075
335.00	767.27	25.00	0.00075
336.00	770.60	25.00	0.00074
337.00	773.94	25.00	0.00074
338.00	777.27	25.00	0.00074
339.00	780.62	25.00	0.00073
340.00	783.96	25.00	0.00073
341.00	787.31	25.00	0.00073
342.00	790.66	25.00	0.00072
343.00	794.02	25.00	0.00072
344.00	797.38	25.00	0.00072
345.00	800.75	25.00	0.00072
346.00	804.12	25.00	0.00071
347.00	807.49	25.00	0.00071
348.00	810.87	25.00	0.00085
349.00	814.25	25.00	0.00085
350.00	817.64	25.00	0.00084
351.00	821.03	25.00	0.00084
352.00	824.42	25.00	0.00083
353.00	827.82	25.00	0.00083
354.00	831.22	25.00	0.00083
355.00	834.62	25.00	0.00082
356.00	838.03	25.00	0.00082
357.00	841.45	25.00	0.00082
358.00	844.86	25.00	0.00081
359.00	848.28	25.00	0.00081
360.00	851.71	25.00	0.00081
361.00	855.14	25.00	0.00080
362.00	858.57	25.00	0.00080
363.00	862.00	25.00	0.00080
364.00	865.44	25.00	0.00080
365.00	868.89	25.00	0.00079
366.00	872.33	25.00	0.00079
367.00	875.78	25.00	0.00079
368.00	879.24	25.00	0.00078
369.00	882.70	25.00	0.00078
370.00	886.16	25.00	0.00078
371.00	889.62	25.00	0.00077
372.00	893.09	25.00	0.00077
373.00	896.57	25.00	0.00077
374.00	900.04	25.00	0.00076
375.00	903.53	25.00	0.00076
376.00	907.01	25.00	0.00076
377.00	910.50	25.00	0.00076
378.00	913.99	25.00	0.00075
379.00	917.49	25.00	0.00075
380.00	920.98	25.00	0.00075
381.00	924.49	25.00	0.00074
382.00	927.99	25.00	0.00074
383.00	931.50	25.00	0.00074
384.00	935.02	25.00	0.00074
385.00	938.53	25.00	0.00073
386.00	942.05	25.00	0.00073
387.00	945.58	25.00	0.00073
388.00	949.11	25.00	0.00073
389.00	952.64	25.00	0.00072
390.00	956.17	25.00	0.00072
391.00	959.71	25.00	0.00072
392.00	963.25	25.00	0.00071
393.00	966.80	25.00	0.00071
394.00	970.35	25.00	0.00071
395.00	973.90	25.00	0.00071
396.00	977.46	25.00	0.00070
397.00	981.02	25.00	0.00070
398.00	984.58	25.00	0.00070
399.00	988.15	25.00	0.00070
400.00	991.72	25.00	0.00069
401.00	995.29	25.00	0.00069
402.00	998.87	25.00	0.00069
403.00	1002.45	25.00	0.00069
404.00	1006.03	25.00	0.00068
405.00	1009.62	25.00	0.00068
406.00	1013.21	25.00	0.00088
407.00	1016.80	25.00	0.00088
408.00	1020.40	25.00	0.00088
409.00	1024.00	25.00	0.00087
410.00	1027.61	25.00	0.00087
411.00	1031.21	25.00	0.00087
412.00	1034.83	25.00	0.00087
413.00	1038.44	25.00	0.00086
414.00	1042.06	25.00	0.00086
415.00	1045.68	25.00	0.00086
416.00	1049.30	25.00	0.00085
417.00	1052.93	25.00	0.00085
418.00	1056.56	25.00	0.00085
419.00	1060.20	25.00	0.00084
420.00	1063.83	25.00	0.00084
421.00	1067.47	25.00	0.00084
422.00	1071.12	25.00	0.00084
423.00	1074.77	25.00	0.00083
424.00	1078.42	25.00	0.00083
425.00	1082.07	25.00	0.00083
426.00	1085.73	25.00	0.00082
427.00	1089.39	25.00	0.00082
428.00	1093.05	25.00	0.00082
429.00	1096.72	25.00	0.00082
430.00	1100.39	25.00	0.00081
431.00	1104.06	25.00	0.00081
432.00	1107.74	25.00	0.00081
433.00	1111.42	25.00	0.00081
434.00	1115.10	25.00	0.00080
435.00	1118.79	25.00	0.00080
436.00	1122.48	25.00	0.00080
437.00	1126.17	25.00	0.00080
438.00	1129.87	25.00	0.00079
439.00	1133.56	25.00	0.00079
440.00	1137.27	25.00	0.00079
441.00	1140.97	25.00	0.00078
442.00	1144.68	25.00	0.00078
443.00	1148.39	25.00	0.00078
444.00	1152.10	25.00	0.00078
445.00	1155.82	25.00	0.00077
446.00	1159.54	25.00	0.00077
447.00	1163.27	25.00	0.00077
448.00	1166.99	25.00	0.00077
449.00	1170.72	25.00	0.00076
450.00	1174.45	25.00	0.00076
451.00	1178.19	25.00	0.00076
452.00	1181.93	25.00	0.00076
453.00	1185.67	25.00	0.00076
454.00	1189.42	25.00	0.00075
455.00	1193.16	25.00	0.00075
456.00	1196.92	25.00	0.00075
457.00	1200.67	25.00	0.00075
458.00	1204.43	25.00	0.00074
459.00	1208.19	25.00	0.00074
460.00	1211.95	25.00	0.00015
461.00	1215.71	25.00	0.00015
462.00	1219.48	25.00	0.00015
463.00	1223.26	25.00	0.00015
464.00	1227.03	25.00	0.00015
465.00	1230.81	25.00	0.00014
466.00	1234.59	25.00	0.00014
467.00	1238.37	25.00	0.00014
468.00	1242.16	25.00	0.00014
469.00	1245.95	25.00	0.00014
470.00	1249.74	25.00	0.00014
471.00	1253.54	25.00	0.00014
472.00	1257.33	25.00	0.00014
473.00	1261.13	25.00	0.00014
474.00	1264.94	25.00	0.00014
475.00	1268.75	25.00	0.00014
476.00	1272.55	25.00	0.00014
477.00	1276.37	25.00	0.00014
478.00	1280.18	25.00	0.00014
479.00	1284.00	25.00	0.00014
480.00	1287.82	25.00	0.00014
481.00	1291.65	25.00	0.00014
482.00	1295.47	25.00	0.00014
483.00	1299.30	25.00	0.00014
484.00	1303.13	25.00	0.00014
485.00	1306.97	25.00	0.00014
486.00	1310.81	25.00	0.00014
487.00	1314.65	25.00	0.00014
488.00	1318.49	25.00	0.00014
489.00	1322.34	25.00	0.00013
490.00	1326.19	25.00	0.00013
491.00	1330.04	25.00	0.00013
492.00	1333.89	25.00	0.00013
493.00	1337.75	25.00	0.00013
494.00	1341.61	25.00	0.00013
495.00	1345.47	25.00	0.00013
496.00	1349.34	25.00	0.00013
497.00	1353.20	25.00	0.00013
498.00	1357.08	25.00	0.00013
499.00	1360.95	25.00	0.00013
500.00	1364.83	25.00	0.00013
501.00	1368.70	25.00	0.00013
502.00	1372.59	25.00	0.00013
503.00	1376.47	25.00	0.00013
504.00	1380.36	25.00	0.00013
505.00	1384.25	25.00	0.00013
506.00	1388.14	25.00	0.00013
507.00	1392.03	25.00	0.00013
508.00	1395.93	25.00	0.00013
509.00	1399.83	25.00	0.00013
510.00	1403.73	25.00	0.00013
511.00	1407.64	25.00	0.00013
512.00	1411.55	25.00	0.00013
513.00	1415.46	25.00	0.00031
514.00	1419.37	25.00	0.00031
515.00	1423.29	25.00	0.00031
516.00	1427.20	25.00	0.00031
517.00	1431.12	25.00	0.00031
518.00	1435.05	25.00	0.00031
519.00	1438.97	25.00	0.00031
520.00	1442.90	25.00	0.00031
521.00	1446.83	25.00	0.00031
522.00	1450.77	25.00	0.00031
523.00	1454.70	25.00	0.00030
524.00	1458.64	25.00	0.00030
525.00	1462.58	25.00	0.00030
526.00	1466.53	25.00	0.00030
527.00	1470.47	25.00	0.00030
528.00	1474.42	25.00	0.00030
529.00	1478.37	25.00	0.00030
530.00	1482.33	25.00	0.00030
531.00	1486.28	25.00	0.00030
532.00	1490.24	25.00	0.00030
533.00	1494.20	25.00	0.00030
534.00	1498.17	25.00	0.00030
535.00	1502.13	25.00	0.00030
536.00	1506.10	25.00	0.00029
537.00	1510.07	25.00	0.00029
538.00	1514.05	25.00	0.00029
539.00	1518.02	25.00	0.00029
540.00	1522.00	25.00	0.00029
541.00	1525.98	25.00	0.00029
542.00	1529.96	25.00	0.00029
543.00	1533.95	25.00	0.00029
544.00	1537.94	25.00	0.00029
545.00	1541.93	25.00	0.00029
546.00	1545.92	25.00	0.00029
547.00	1549.91	25.00	0.00029
548.00	1553.91	25.00	0.00029
549.00	1557.91	25.00	0.00028
550.00	1561.91	25.00	0.00028
551.00	1565.92	25.00	0.00028
552.00	1569.92	25.00	0.00028
553.00	1573.93	25.00	0.00028
554.00	1577.95	25.00	0.00028
555.00	1581.96	25.00	0.00028
556.00	1585.98	25.00	0.00028
557.00	1589.99	25.00	0.00028
558.00	1594.01	25.00	0.00028
559.00	1598.04	25.00	0.00028
560.00	1602.06	25.00	0.00028
561.00	1606.09	25.00	0.00028
562.00	1610.12	25.00	0.00028
563.00	1614.15	25.10	0.00079
564.00	1618.19	25.10	0.00079
565.00	1622.22	25.10	0.00079
566.00	1626.26	25.10	0.00078
567.00	1630.30	25.10	0.00078
568.00	1634.35	25.10	0.00078
569.00	1638.39	25.10	0.00078
570.00	1642.44	25.10	0.00078
571.00	1646.49	25.10	0.00077
572.00	1650.54	25.10	0.00077
573.00	1654.60	25.10	0.00077
574.00	1658.66	25.10	0.00077
575.00	1662.72	25.10	0.00077
576.00	1666.78	25.10	0.00076
577.00	1670.84	25.10	0.00076
578.00	1674.91	25.10	0.00076
579.00	1678.97	25.10	0.00076
580.00	1683.04	25.10	0.00076
581.00	1687.12	25.10	0.00076
582.00	1691.19	25.10	0.00075
583.00	1695.27	25.10	0.00075
584.00	1699.35	25.10	0.00075
585.00	1703.43	25.10	0.00075
586.00	1707.51	25.10	0.00075
587.00	1711.59	25.10	0.00074
588.00	1715.68	25.10	0.00074
589.00	1719.77	25.10	0.00074
590.00	1723.86	25.10	0.00074
591.00	1727.96	25.10	0.00074
592.00	1732.05	25.10	0.00074
593.00	1736.15	25.10	0.00073
594.00	1740.25	25.10	0.00073
595.00	1744.35	25.10	0.00073
596.00	1748.45	25.10	0.00073
597.00	1752.56	25.10	0.00073
598.00	1756.67	25.10	0.00073
599.00	1760.78	25.10	0.00072
600.00	1764.89	25.10	0.00072
601.00	1769.01	25.10	0.00072
602.00	1773.12	25.10	0.00072
603.00	1777.24	25.10	0.00072
604.00	1781.36	25.10	0.00072
605.00	1785.48	25.10	0.00071
606.00	1789.61	25.10	0.00071
607.00	1793.73	25.10	0.00071
608.00	1797.86	25.10	0.00071
609.00	1801.99	25.10	0.00071
610.00	1806.13	25.10	0.00071
611.00	1810.26	25.10	0.00070
612.00	1814.40	25.10	0.00070
613.00	1818.53	25.10	0.00023
614.00	1822.67	25.10	0.00023
615.00	1826.82	25.10	0.00023
616.00	1830.96	25.10	0.00023
617.00	1835.11	25.10	0.00023
618.00	1839.26	25.10	0.00023
619.00	1843.41	25.10	0.00023
620.00	1847.56	25.10	0.00023
621.00	1851.71	25.10	0.00023
622.00	1855.87	25.10	0.00023
623.00	1860.03	25.10	0.00023
624.00	1864.19	25.10	0.00023
625.00	1868.35	25.10	0.00023
626.00	1872.51	25.10	0.00023
627.00	1876.68	25.10	0.00023
628.00	1880.84	25.10	0.00022
629.00	1885.01	25.10	0.00022
630.00	1889.18	25.10	0.00022
631.00	1893.36	25.10	0.00022
632.00	1897.53	25.10	0.00022
633.00	1901.71	25.10	0.00022
634.00	1905.89	25.10	0.00022
635.00	1910.07	25.10	0.00022
636.00	1914.25	25.10	0.00022
637.00	1918.44	25.10	0.00022
638.00	1922.62	25.10	0.00022
639.00	1926.81	25.10	0.00022
640.00	1931.00	25.10	0.00022
641.00	1935.19	25.10	0.00022
642.00	1939.38	25.10	0.00022
643.00	1943.58	25.10	0.00022
644.00	1947.78	25.10	0.00022
645.00	1951.97	25.10	0.00022
646.00	1956.17	25.10	0.00022
647.00	1960.38	25.10	0.00022
648.00	1964.58	25.10	0.00022
649.00	1968.79	25.10	0.00021
650.00	1972.99	25.10	0.00021
651.00	1977.20	25.10	0.00021
652.00	1981.42	25.10	0.00021
653.00	1985.63	25.10	0.00021
654.00	1989.84	25.10	0.00021
655.00	1994.06	25.10	0.00021
656.00	1998.28	25.10	0.00021
657.00	2002.50	25.10	0.00021
658.00	2006.72	25.10	0.00021
659.00	2010.94	25.10	0.00021
660.00	2015.17	25.10	0.00110
661.00	2019.39	25.10	0.00110
662.00	2023.62	25.10	0.00109
663.00	2027.85	25.10	0.00109
664.00	2032.08	25.10	0.00109
665.00	2036.32	25.10	0.00109
666.00	2040.55	25.10	0.00108
667.00	2044.79	25.10	0.00108
668.00	2049.03	25.10	0.00108
669.00	2053.27	25.10	0.00108
670.00	2057.51	25.10	0.00108
671.00	2061.75	25.10	0.00107
672.00	2066.00	25.10	0.00107
673.00	2070.25	25.10	0.00107
674.00	2074.49	25.10	0.00107
675.00	2078.74	25.10	0.00106
676.00	2083.00	25.10	0.00106
677.00	2087.25	25.10	0.00106
678.00	2091.50	25.10	0.00106
679.00	2095.76	25.10	0.00106
680.00	2100.02	25.10	0.00105
681.00	2104.28	25.10	0.00105
682.00	2108.54	25.10	0.00105
683.00	2112.80	25.10	0.00105
684.00	2117.07	25.10	0.00104
685.00	2121.33	25.10	0.00104
686.00	2125.60	25.10	0.00104
687.00	2129.87	25.10	0.00104
688.00	2134.14	25.10	0.00104
689.00	2138.41	25.10	0.00103
690.00	2142.69	25.10	0.00103
691.00	2146.96	25.10	0.00103
692.00	2151.24	25.10	0.00103
693.00	2155.52	25.10	0.00103
694.00	2159.80	25.10	0.00102
695.00	2164.08	25.10	0.00102
696.00	2168.36	25.10	0.00102
697.00	2172.65	25.10	0.00102
698.00	2176.93	25.10	0.00102
699.00	2181.22	25.10	0.00101
700.00	2185.51	25.10	0.00101
701.00	2189.80	25.10	0.00101
702.00	2194.09	25.10	0.00101
703.00	2198.39	25.10	0.00101
704.00	2202.68	25.10	0.00100
705.00	2206.98	25.10	0.00100
706.00	2211.28	25.10	0.00100
707.00	2215.58	25.10	0.00100
708.00	2219.88	25.10	0.00012
709.00	2224.18	25.10	0.00012
710.00	2228.48	25.10	0.00012
711.00	2232.79	25.10	0.00012
712.00	2237.10	25.10	0.00012
713.00	2241.40	25.10	0.00012
714.00	2245.71	25.10	0.00012
715.00	2250.03	25.10	0.00012
716.00	2254.34	25.10	0.00012
717.00	2258.65	25.10	0.00012
718.00	2262.97	25.10	0.00012
719.00	2267.28	25.10	0.00012
720.00	2271.60	25.10	0.00012
721.00	2275.92	25.10	0.00012
722.00	2280.24	25.10	0.00012
723.00	2284.56	25.10	0.00012
724.00	2288.89	25.10	0.00012
725.00	2293.21	25.10	0.00012
726.00	2297.54	25.10	0.00012
727.00	2301.87	25.10	0.00012
728.00	2306.20	25.10	0.00012
729.00	2310.53	25.10	0.00012
730.00	2314.86	25.10	0.00012
731.00	2319.19	25.10	0.00012
732.00	2323.53	25.10	0.00012
733.00	2327.86	25.10	0.00012
734.00	2332.20	25.10	0.00012
735.00	2336.54	25.10	0.00012
736.00	2340.88	25.10	0.00012
737.00	2345.22	25.10	0.00012
738.00	2349.56	25.10	0.00012
739.00	2353.90	25.10	0.00012
740.00	2358.25	25.10	0.00012
741.00	2362.60	25.10	0.00012
742.00	2366.94	25.10	0.00012
743.00	2371.29	25.10	0.00011
744.00	2375.64	25.10	0.00011
745.00	2379.99	25.10	0.00011
746.00	2384.35	25.10	0.00011
747.00	2388.70	25.10	0.00011
748.00	2393.05	25.10	0.00011
749.00	2397.41	25.10	0.00011
750.00	2401.77	25.10	0.00011
751.00	2406.13	25.10	0.00011
752.00	2410.49	25.10	0.00011
753.00	2414.85	25.10	0.00011
754.00	2419.21	25.10	0.00033
755.00	2423.58	25.10	0.00033
756.00	2427.94	25.10	0.00033
757.00	2432.31	25.10	0.00033
758.00	2436.67	25.10	0.00033
759.00	2441.04	25.10	0.00033
760.00	2445.41	25.10	0.00033
761.00	2449.78	25.10	0.00033
762.00	2454.16	25.10	0.00033
763.00	2458.53	25.10	0.00032
764.00	2462.90	25.10	0.00032
765.00	2467.28	25.10	0.00032
766.00	2471.66	25.10	0.00032
767.00	2476.03	25.10	0.00032
768.00	2480.41	25.10	0.00032
769.00	2484.79	25.10	0.00032
770.00	2489.18	25.10	0.00032
771.00	2493.56	25.10	0.00032
772.00	2497.94	25.10	0.00032
773.00	2502.33	25.10	0.00032
774.00	2506.71	25.10	0.00032
775.00	2511.10	25.10	0.00032
776.00	2515.49	25.10	0.00032
777.00	2519.88	25.10	0.00032
778.00	2524.27	25.10	0.00032
779.00	2528.66	25.10	0.00032
780.00	2533.05	25.10	0.00032
781.00	2537.45	25.10	0.00031
782.00	2541.84	25.10	0.00031
783.00	2546.24	25.10	0.00031
784.00	2550.63	25.10	0.00031
785.00	2555.03	25.10	0.00031
786.00	2559.43	25.10	0.00031
787.00	2563.83	25.10	0.00031
788.00	2568.23	25.10	0.00031
789.00	2572.63	25.10	0.00031
790.00	2577.04	25.10	0.00031
791.00	2581.44	25.10	0.00031
792.00	2585.85	25.10	0.00031
793.00	2590.25	25.10	0.00031
794.00	2594.66	25.10	0.00031
795.00	2599.07	25.10	0.00031
796.00	2603.48	25.10	0.00031
797.00	2607.89	25.10	0.00031
798.00	2612.30	25.10	0.00031
799.00	2616.71	25.10	0.00031
800.00	2621.13	25.20	0.00034
801.00	2625.54	25.20	0.00033
802.00	2629.96	25.20	0.00033
803.00	2634.37	25.20	0.00033
804.00	2638.79	25.20	0.00033
805.00	2643.21	25.20	0.00033
806.00	2647.63	25.20	0.00033
807.00	2652.05	25.20	0.00033
808.00	2656.47	25.20	0.00033
809.00	2660.89	25.20	0.00033
810.00	2665.32	25.20	0.00033
811.00	2669.74	25.20	0.00033
812.00	2674.17	25.20	0.00033
813.00	2678.59	25.20	0.00033
814.00	2683.02	25.20	0.00033
815.00	2687.45	25.20	0.00033
816.00	2691.88	25.20	0.00033
817.00	2696.31	25.20	0.00033
818.00	2700.74	25.20	0.00033
819.00	2705.17	25.20	0.00032
820.00	2709.60	25.20	0.00032
821.00	2714.03	25.20	0.00032
822.00	2718.47	25.20	0.00032
823.00	2722.90	25.20	0.00032
824.00	2727.34	25.20	0.00032
825.00	2731.78	25.20	0.00032
826.00	2736.21	25.20	0.00032
827.00	2740.65	25.20	0.00032
828.00	2745.09	25.20	0.00032
829.00	2749.53	25.20	0.00032
830.00	2753.97	25.20	0.00032
831.00	2758.42	25.20	0.00032
832.00	2762.86	25.20	0.00032
833.00	2767.30	25.20	0.00032
834.00	2771.75	25.20	0.00032
835.00	2776.19	25.20	0.00032
836.00	2780.64	25.20	0.00032
837.00	2785.09	25.20	0.00032
838.00	2789.53	25.20	0.00032
839.00	2793.98	25.20	0.00031
840.00	2798.43	25.20	0.00031
841.00	2802.88	25.20	0.00031
842.00	2807.33	25.20	0.00031
843.00	2811.78	25.20	0.00031
844.00	2816.24	25.20	0.00031
845.00	2820.69	25.20	0.00031
846.00	2825.14	25.20	0.00015
847.00	2829.60	25.20	0.00015
848.00	2834.06	25.20	0.00015
849.00	2838.51	25.20	0.00015
850.00	2842.97	25.20	0.00015
851.00	2847.43	25.20	0.00015
852.00	2851.89	25.20	0.00015
853.00	2856.35	25.20	0.00015
854.00	2860.81	25.20	0.00015
855.00	2865.27	25.20	0.00015
856.00	2869.73	25.20	0.00015
857.00	2874.19	25.20	0.00015
858.00	2878.65	25.20	0.00015
859.00	2883.12	25.20	0.00015
860.00	2887.58	25.20	0.00015
861.00	2892.05	25.20	0.00015
862.00	2896.51	25.20	0.00015
863.00	2900.98	25.20	0.00015
864.00	2905.45	25.20	0.00015
865.00	2909.92	25.20	0.00015
866.00	2914.39	25.20	0.00015
867.00	2918.86	25.20	0.00015
868.00	2923.33	25.20	0.00015
869.00	2927.80	25.20	0.00015
870.00	2932.27	25.20	0.00015
871.00	2936.74	25.20	0.00015
872.00	2941.21	25.20	0.00015
873.00	2945.69	25.20	0.00015
874.00	2950.16	25.20	0.00015
875.00	2954.64	25.20	0.00015
876.00	2959.11	25.20	0.00014
877.00	2963.59	25.20	0.00014
878.00	2968.06	25.20	0.00014
879.00	2972.54	25.20	0.00014
880.00	2977.02	25.20	0.00014
881.00	2981.50	25.20	0.00014
882.00	2985.98	25.20	0.00014
883.00	2990.46	25.20	0.00014
884.00	2994.94	25.20	0.00014
885.00	2999.42	25.20	0.00014
886.00	3003.90	25.20	0.00014
887.00	3008.38	25.20	0.00014
888.00	3012.86	25.20	0.00014
889.00	3017.35	25.20	0.00014
890.00	3021.83	25.20	0.00014
891.00	3026.31	25.20	0.00049
892.00	3030.80	25.20	0.00049
893.00	3035.29	25.20	0.00049
894.00	3039.77	25.20	0.00049
895.00	3044.26	25.20	0.00049
896.00	3048.75	25.20	0.00048
897.00	3053.23	25.20	0.00048
898.00	3057.72	25.20	0.00048
899.00	3062.21	25.20	0.00048
900.00	3066.70	25.20	0.00048
901.00	3071.19	25.20	0.00048
902.00	3075.68	25.20	0.00048
903.00	3080.17	25.20	0.00048
904.00	3084.66	25.20	0.00048
905.00	3089.15	25.20	0.00048
906.00	3093.65	25.20	0.00048
907.00	3098.14	25.20	0.00048
908.00	3102.63	25.20	0.00048
909.00	3107.13	25.20	0.00048
910.00	3111.62	25.20	0.00048
911.00	3116.11	25.20	0.00047
912.00	3120.61	25.20	0.00047
913.00	3125.11	25.20	0.00047
914.00	3129.60	25.20	0.00047
915.00	3134.10	25.20	0.00047
916.00	3138.60	25.20	0.00047
917.00	3143.09	25.20	0.00047
918.00	3147.59	25.20	0.00047
919.00	3152.09	25.20	0.00047
920.00	3156.59	25.20	0.00047
921.00	3161.09	25.20	0.00047
922.00	3165.59	25.20	0.00047
923.00	3170.09	25.20	0.00047
924.00	3174.59	25.20	0.00047
925.00	3179.09	25.20	0.00047
926.00	3183.59	25.20	0.00046
927.00	3188.09	25.20	0.00046
928.00	3192.59	25.20	0.00046
929.00	3197.10	25.20	0.00046
930.00	3201.60	25.20	0.00046
931.00	3206.10	25.20	0.00046
932.00	3210.61	25.20	0.00046
933.00	3215.11	25.20	0.00046
934.00	3219.61	25.20	0.00046
935.00	3224.12	25.20	0.00000
936.00	3228.62	25.20	0.00000
937.00	3233.13	25.20	0.00000
938.00	3237.64	25.20	0.00000
939.00	3242.14	25.20	0.00000
940.00	3246.65	25.20	0.00000
941.00	3251.16	25.20	0.00000
942.00	3255.66	25.20	0.00000
943.00	3260.17	25.20	0.00000
944.00	3264.68	25.20	0.00000
945.00	3269.19	25.20	0.00000
946.00	3273.69	25.20	0.00000
947.00	3278.20	25.20	0.00000
948.00	3282.71	25.20	0.00000
949.00	3287.22	25.20	0.00000
950.00	3291.73	25.20	0.00000
951.00	3296.24	25.20	0.00000
952.00	3300.75	25.20	0.00000
953.00	3305.26	25.20	0.00000
954.00	3309.77	25.20	0.00000
955.00	3314.28	25.20	0.00000
956.00	3318.80	25.20	0.00000
957.00	3323.31	25.20	0.00000
958.00	3327.82	25.20	0.00000
959.00	3332.33	25.20	0.00000
960.00	3336.84	25.20	0.00000
961.00	3341.36	25.20	0.00000
962.00	3345.87	25.20	0.00000
963.00	3350.38	25.20	0.00000
964.00	3354.90	25.20	0.00000
965.00	3359.41	25.20	0.00000
966.00	3363.92	25.20	0.00000
967.00	3368.44	25.20	0.00000
968.00	3372.95	25.20	0.00000
969.00	3377.47	25.20	0.00000
970.00	3381.98	25.20	0.00000
971.00	3386.50	25.20	0.00000
972.00	3391.01	25.20	0.00000
973.00	3395.53	25.20	0.00000
974.00	3400.04	25.20	0.00000
975.00	3404.56	25.20	0.00000
976.00	3409.07	25.20	0.00000
977.00	3413.59	25.20	0.00000
978.00	3418.10	25.20	0.00000
979.00	3422.62	25.20	0.00000
980.00	3427.14	25.30	0.00003
981.00	3431.65	25.30	0.00003
982.00	3436.17	25.30	0.00003
983.00	3440.69	25.30	0.00003
984.00	3445.20	25.30	0.00003
985.00	3449.72	25.30	0.00003
986.00	3454.24	25.30	0.00003
987.00	3458.76	25.30	0.00003
988.00	3463.27	25.30	0.00003
989.00	3467.79	25.30	0.00003
990.00	3472.31	25.30	0.00003
991.00	3476.83	25.30	0.00003
992.00	3481.35	25.30	0.00003
993.00	3485.86	25.30	0.00003
994.00	3490.38	25.30	0.00003
995.00	3494.90	25.30	0.00003
996.00	3499.42	25.30	0.00003
997.00	3503.94	25.30	0.00003
998.00	3508.46	25.30	0.00003
999.00	3512.97	25.30	0.00003
1000.00	3517.49	25.30	0.00003
1001.00	3522.01	25.30	0.00003
1002.00	3526.53	25.30	0.00003
1003.00	3531.05	25.30	0.00003
1004.00	3535.57	25.30	0.00003
1005.00	3540.09	25.30	0.00003
1006.00	3544.61	25.30	0.00003
1007.00	3549.13	25.30	0.00003
1008.00	3553.64	25.30	0.00003
1009.00	3558.16	25.30	0.00003
1010.00	3562.68	25.30	0.00003
1011.00	3567.20	25.30	0.00003
1012.00	3571.72	25.30	0.00003
1013.00	3576.24	25.30	0.00003
1014.00	3580.76	25.30	0.00003
1015.00	3585.28	25.30	0.00003
1016.00	3589.80	25.30	0.00003
1017.00	3594.32	25.30	0.00003
1018.00	3598.84	25.30	0.00003
1019.00	3603.35	25.30	0.00003
1020.00	3607.87	25.30	0.00003
1021.00	3612.39	25.30	0.00003
1022.00	3616.91	25.30	0.00003
1023.00	3621.43	25.30	0.00003
1024.00	3625.95	25.30	0.00030
1025.00	3630.47	25.30	0.00030
1026.00	3634.99	25.30	0.00030
1027.00	3639.51	25.30	0.00030
1028.00	3644.02	25.30	0.00030
1029.00	3648.54	25.30	0.00030
1030.00	3653.06	25.30	0.00030
1031.00	3657.58	25.30	0.00030
1032.00	3662.10	25.30	0.00030
1033.00	3666.62	25.30	0.00030
1034.00	3671.14	25.30	0.00030
1035.00	3675.65	25.30	0.00030
1036.00	3680.17	25.30	0.00030
1037.00	3684.69	25.30	0.00030
1038.00	3689.21	25.30	0.00030
1039.00	3693.73	25.30	0.00030
1040.00	3698.24	25.30	0.00030
1041.00	3702.76	25.30	0.00030
1042.00	3707.28	25.30	0.00030
1043.00	3711.80	25.30	0.00030
1044.00	3716.31	25.30	0.00030
1045.00	3720.83	25.30	0.00030
1046.00	3725.35	25.30	0.00029
1047.00	3729.86	25.30	0.00029
1048.00	3734.38	25.30	0.00029
1049.00	3738.90	25.30	0.00029
1050.00	3743.41	25.30	0.00029
1051.00	3747.93	25.30	0.00029
1052.00	3752.45	25.30	0.00029
1053.00	3756.96	25.30	0.00029
1054.00	3761.48	25.30	0.00029
1055.00	3765.99	25.30	0.00029
1056.00	3770.51	25.30	0.00029
1057.00	3775.02	25.30	0.00029
1058.00	3779.54	25.30	0.00029
1059.00	3784.05	25.30	0.00029
1060.00	3788.57	25.30	0.00029
1061.00	3793.08	25.30	0.00029
1062.00	3797.59	25.30	0.00029
1063.00	3802.11	25.30	0.00029
1064.00	3806.62	25.30	0.00029
1065.00	3811.14	25.30	0.00029
1066.00	3815.65	25.30	0.00029
1067.00	3820.16	25.30	0.00029
1068.00	3824.67	25.30	0.00029
1069.00	3829.19	25.20	0.00018
1070.00	3833.70	25.20	0.00018
1071.00	3838.21	25.20	0.00018
1072.00	3842.72	25.20	0.00018
1073.00	3847.23	25.20	0.00018
1074.00	3851.74	25.20	0.00018
1075.00	3856.26	25.20	0.00017
1076.00	3860.77	25.20	0.00017
1077.00	3865.28	25.20	0.00017
1078.00	3869.79	25.20	0.00017
1079.00	3874.30	25.20	0.00017
1080.00	3878.81	25.20	0.00017
1081.00	3883.31	25.20	0.00017
1082.00	3887.82	25.20	0.00017
1083.00	3892.33	25.20	0.00017
1084.00	3896.84	25.20	0.00017
1085.00	3901.35	25.20	0.00017
1086.00	3905.86	25.20	0.00017
1087.00	3910.36	25.20	0.00017
1088.00	3914.87	25.20	0.00017
1089.00	3919.38	25.20	0.00017
1090.00	3923.88	25.20	0.00017
1091.00	3928.39	25.20	0.00017
1092.00	3932.89	25.20	0.00017
1093.00	3937.40	25.20	0.00017
1094.00	3941.90	25.20	0.00017
1095.00	3946.41	25.20	0.00017
1096.00	3950.91	25.20	0.00017
1097.00	3955.42	25.20	0.00017
1098.00	3959.92	25.20	0.00017
1099.00	3964.42	25.20	0.00017
1100.00	3968.92	25.20	0.00017
1101.00	3973.43	25.20	0.00017
1102.00	3977.93	25.20	0.00017
1103.00	3982.43	25.20	0.00017
1104.00	3986.93	25.20	0.00017
1105.00	3991.43	25.20	0.00017
1106.00	3995.93	25.20	0.00017
1107.00	4000.43	25.20	0.00017
1108.00	4004.93	25.20	0.00017
1109.00	4009.43	25.20	0.00017
1110.00	4013.93	25.20	0.00017
1111.00	4018.42	25.20	0.00017
1112.00	4022.92	25.20	0.00017
1113.00	4027.42	25.20	0.00017
1114.00	4031.92	25.20	0.00006
1115.00	4036.41	25.20	0.00006
1116.00	4040.91	25.20	0.00006
1117.00	4045.40	25.20	0.00006
1118.00	4049.90	25.20	0.00006
1119.00	4054.39	25.20	0.00006
1120.00	4058.89	25.20	0.00006
1121.00	4063.38	25.20	0.00005
1122.00	4067.87	25.20	0.00005
1123.00	4072.36	25.20	0.00005
1124.00	4076.86	25.20	0.00005
1125.00	4081.35	25.20	0.00005
1126.00	4085.84	25.20	0.00005
1127.00	4090.33	25.20	0.00005
1128.00	4094.82	25.20	0.00005
1129.00	4099.31	25.20	0.00005
1130.00	4103.80	25.20	0.00005
1131.00	4108.29	25.20	0.00005
1132.00	4112.77	25.20	0.00005
1133.00	4117.26	25.20	0.00005
1134.00	4121.75	25.20	0.00005
1135.00	4126.23	25.20	0.00005
1136.00	4130.72	25.20	0.00005
1137.00	4135.20	25.20	0.00005
1138.00	4139.69	25.20	0.00005
1139.00	4144.17	25.20	0.00005
1140.00	4148.65	25.20	0.00005
1141.00	4153.14	25.20	0.00005
1142.00	4157.62	25.20	0.00005
1143.00	4162.10	25.20	0.00005
1144.00	4166.58	25.20	0.00005
1145.00	4171.06	25.20	0.00005
1146.00	4175.54	25.20	0.00005
1147.00	4180.02	25.20	0.00005
1148.00	4184.50	25.20	0.00005
1149.00	4188.98	25.20	0.00005
1150.00	4193.45	25.20	0.00005
1151.00	4197.93	25.20	0.00005
1152.00	4202.41	25.20	0.00005
1153.00	4206.88	25.20	0.00005
1154.00	4211.36	25.20	0.00005
1155.00	4215.83	25.20	0.00005
1156.00	4220.30	25.20	0.00005
1157.00	4224.78	25.20	0.00005
1158.00	4229.25	25.20	0.00039
1159.00	4233.72	25.20	0.00039
1160.00	4238.19	25.20	0.00039
1161.00	4242.66	25.20	0.00039
1162.00	4247.13	25.20	0.00039
1163.00	4251.60	25.20	0.00039
1164.00	4256.07	25.20	0.00039
1165.00	4260.54	25.20	0.00039
1166.00	4265.00	25.20	0.00039
1167.00	4269.47	25.20	0.00039
1168.00	4273.93	25.20	0.00039
1169.00	4278.40	25.20	0.00039
1170.00	4282.86	25.20	0.00039
1171.00	4287.33	25.20	0.00039
1172.00	4291.79	25.20	0.00039
1173.00	4296.25	25.20	0.00039
1174.00	4300.71	25.20	0.00039
1175.00	4305.17	25.20	0.00039
1176.00	4309.63	25.20	0.00038
1177.00	4314.09	25.20	0.00038
1178.00	4318.55	25.20	0.00038
1179.00	4323.01	25.20	0.00038
1180.00	4327.46	25.20	0.00038
1181.00	4331.92	25.20	0.00038
1182.00	4336.37	25.20	0.00038
1183.00	4340.83	25.20	0.00038
1184.00	4345.28	25.20	0.00038
1185.00	4349.73	25.20	0.00038
1186.00	4354.19	25.20	0.00038
1187.00	4358.64	25.20	0.00038
1188.00	4363.09	25.20	0.00038
1189.00	4367.54	25.20	0.00038
1190.00	4371.98	25.20	0.00038
1191.00	4376.43	25.20	0.00038
1192.00	4380.88	25.20	0.00038
1193.00	4385.33	25.20	0.00038
1194.00	4389.77	25.20	0.00038
1195.00	4394.22	25.20	0.00038
1196.00	4398.66	25.20	0.00038
1197.00	4403.10	25.20	0.00038
1198.00	4407.54	25.20	0.00038
1199.00	4411.99	25.20	0.00038
1200.00	4416.43	25.20	0.00038
1201.00	4420.87	25.20	0.00038
1202.00	4425.30	25.20	0.00037
1203.00	4429.74	25.20	0.00037
1204.00	4434.18	25.30	0.00008
1205.00	4438.62	25.30	0.00008
1206.00	4443.05	25.30	0.00008
1207.00	4447.48	25.30	0.00008
1208.00	4451.92	25.30	0.00008
1209.00	4456.35	25.30	0.00008
1210.00	4460.78	25.30	0.00008
1211.00	4465.21	25.30	0.00008
1212.00	4469.64	25.30	0.00008
1213.00	4474.07	25.30	0.00008
1214.00	4478.50	25.30	0.00008
1215.00	4482.93	25.30	0.00008
1216.00	4487.35	25.30	0.00008
1217.00	4491.78	25.30	0.00008
1218.00	4496.20	25.30	0.00008
1219.00	4500.62	25.30	0.00008
1220.00	4505.05	25.30	0.00008
1221.00	4509.47	25.30	0.00008
1222.00	4513.89	25.30	0.00008
1223.00	4518.31	25.30	0.00008
1224.00	4522.73	25.30	0.00008
1225.00	4527.14	25.30	0.00008
1226.00	4531.56	25.30	0.00008
1227.00	4535.98	25.30	0.00008
1228.00	4540.39	25.30	0.00008
1229.00	4544.80	25.30	0.00008
1230.00	4549.22	25.30	0.00008
1231.00	4553.63	25.30	0.00008
1232.00	4558.04	25.30	0.00008
1233.00	4562.45	25.30	0.00008
1234.00	4566.86	25.30	0.00008
1235.00	4571.26	25.30	0.00008
1236.00	4575.67	25.30	0.00008
1237.00	4580.08	25.30	0.00008
1238.00	4584.48	25.30	0.00008
1239.00	4588.88	25.30	0.00008
1240.00	4593.29	25.30	0.00008
1241.00	4597.69	25.30	0.00008
1242.00	4602.09	25.30	0.00008
1243.00	4606.49	25.30	0.00008
1244.00	4610.88	25.30	0.00008
1245.00	4615.28	25.30	0.00008
1246.00	4619.68	25.30	0.00008
1247.00	4624.07	25.30	0.00008
1248.00	4628.47	25.30	0.00008
1249.00	4632.86	25.30	0.00008
1250.00	4637.25	25.30	0.00009
1251.00	4641.64	25.30	0.00009
1252.00	4646.03	25.30	0.00009
1253.00	4650.42	25.30	0.00009
1254.00	4654.81	25.30	0.00009
1255.00	4659.19	25.30	0.00009
1256.00	4663.58	25.30	0.00009
1257.00	4667.96	25.30	0.00009
1258.00	4672.34	25.30	0.00009
1259.00	4676.72	25.30	0.00009
1260.00	4681.10	25.30	0.00009
1261.00	4685.48	25.30	0.00009
1262.00	4689.86	25.30	0.00009
1263.00	4694.24	25.30	0.00009
1264.00	4698.61	25.30	0.00009
1265.00	4702.99	25.30	0.00009
1266.00	4707.36	25.30	0.00009
1267.00	4711.73	25.30	0.00009
1268.00	4716.11	25.30	0.00009
1269.00	4720.47	25.30	0.00009
1270.00	4724.84	25.30	0.00009
1271.00	4729.21	25.30	0.00009
1272.00	4733.58	25.30	0.00009
1273.00	4737.94	25.30	0.00009
1274.00	4742.31	25.30	0.00009
1275.00	4746.67	25.30	0.00009
1276.00	4751.03	25.30	0.00009
1277.00	4755.39	25.30	0.00009
1278.00	4759.75	25.30	0.00009
1279.00	4764.11	25.30	0.00009
1280.00	4768.46	25.30	0.00009
1281.00	4772.82	25.30	0.00009
1282.00	4777.17	25.30	0.00009
1283.00	4781.52	25.30	0.00009
1284.00	4785.88	25.30	0.00009
1285.00	4790.23	25.30	0.00009
1286.00	4794.57	25.30	0.00009
1287.00	4798.92	25.30	0.00009
1288.00	4803.27	25.30	0.00009
1289.00	4807.61	25.30	0.00009
1290.00	4811.96	25.30	0.00009
1291.00	4816.30	25.30	0.00009
1292.00	4820.64	25.30	0.00009
1293.00	4824.98	25.30	0.00009
1294.00	4829.32	25.30	0.00009
1295.00	4833.66	25.30	0.00009
1296.00	4837.99	25.30	0.00002
1297.00	4842.33	25.30	0.00002
1298.00	4846.66	25.30	0.00002
1299.00	4850.99	25.30	0.00002
1300.00	4855.32	25.30	0.00002
1301.00	4859.65	25.30	0.00002
1302.00	4863.98	25.30	0.00002
1303.00	4868.30	25.30	0.00002
1304.00	4872.63	25.30	0.00002
1305.00	4876.95	25.30	0.00002
1306.00	4881.28	25.30	0.00002
1307.00	4885.60	25.30	0.00002
1308.00	4889.92	25.30	0.00002
1309.00	4894.23	25.30	0.00002
1310.00	4898.55	25.30	0.00002
1311.00	4902.87	25.30	0.00002
1312.00	4907.18	25.30	0.00002
1313.00	4911.49	25.30	0.00002
1314.00	4915.80	25.30	0.00002
1315.00	4920.11	25.30	0.00002
1316.00	4924.42	25.30	0.00002
1317.00	4928.73	25.30	0.00002
1318.00	4933.03	25.30	0.00002
1319.00	4937.34	25.30	0.00002
1320.00	4941.64	25.30	0.00002
1321.00	4945.94	25.30	0.00002
1322.00	4950.24	25.30	0.00002
1323.00	4954.54	25.30	0.00002
1324.00	4958.83	25.30	0.00002
1325.00	4963.13	25.30	0.00002
1326.00	4967.42	25.30	0.00002
1327.00	4971.72	25.30	0.00002
1328.00	4976.01	25.30	0.00002
1329.00	4980.30	25.30	0.00002
1330.00	4984.58	25.30	0.00002
1331.00	4988.87	25.30	0.00002
1332.00	4993.15	25.30	0.00002
1333.00	4997.44	25.30	0.00002
1334.00	5001.72	25.30	0.00002
1335.00	5006.00	25.30	0.00002
1336.00	5010.28	25.30	0.00002
1337.00	5014.55	25.30	0.00002
1338.00	5018.83	25.30	0.00002
1339.00	5023.10	25.30	0.00002
1340.00	5027.38	25.30	0.00002
1341.00	5031.65	25.30	0.00002
1342.00	5035.92	25.30	0.00006
1343.00	5040.18	25.30	0.00006
1344.00	5044.45	25.30	0.00006
1345.00	5048.71	25.30	0.00006
1346.00	5052.98	25.30	0.00006
1347.00	5057.24	25.30	0.00006
1348.00	5061.50	25.30	0.00006
1349.00	5065.76	25.30	0.00006
1350.00	5070.01	25.30	0.00006
1351.00	5074.27	25.30	0.00006
1352.00	5078.52	25.30	0.00006
1353.00	5082.77	25.30	0.00006
1354.00	5087.02	25.30	0.00006
1355.00	5091.27	25.30	0.00006
1356.00	5095.52	25.30	0.00006
1357.00	5099.76	25.30	0.00006
1358.00	5104.01	25.30	0.00006
1359.00	5108.25	25.30	0.00006
1360.00	5112.49	25.30	0.00006
1361.00	5116.73	25.30	0.00006
1362.00	5120.97	25.30	0.00006
1363.00	5125.20	25.30	0.00006
1364.00	5129.43	25.30	0.00006
1365.00	5133.67	25.30	0.00006
1366.00	5137.90	25.30	0.00006
1367.00	5142.12	25.30	0.00006
1368.00	5146.35	25.30	0.00006
1369.00	5150.58	25.30	0.00006
1370.00	5154.80	25.30	0.00006
1371.00	5159.02	25.30	0.00006
1372.00	5163.24	25.30	0.00006
1373.00	5167.46	25.30	0.00006
1374.00	5171.68	25.30	0.00006
1375.00	5175.89	25.30	0.00006
1376.00	5180.10	25.30	0.00006
1377.00	5184.31	25.30	0.00006
1378.00	5188.52	25.30	0.00006
1379.00	5192.73	25.30	0.00006
1380.00	5196.94	25.30	0.00006
1381.00	5201.14	25.30	0.00006
1382.00	5205.34	25.30	0.00006
1383.00	5209.54	25.30	0.00006
1384.00	5213.74	25.30	0.00006
1385.00	5217.94	25.30	0.00006
1386.00	5222.13	25.30	0.00006
1387.00	5226.33	25.30	0.00006
1388.00	5230.52	25.30	0.00006
1389.00	5234.71	25.30	0.00006
1390.00	5238.90	25.30	0.00012
1391.00	5243.08	25.30	0.00012
1392.00	5247.27	25.30	0.00012
1393.00	5251.45	25.30	0.00012
1394.00	5255.63	25.30	0.00012
1395.00	5259.81	25.30	0.00012
1396.00	5263.99	25.30	0.00012
1397.00	5268.16	25.30	0.00012
1398.00	5272.33	25.30	0.00012
1399.00	5276.50	25.30	0.00012
1400.00	5280.67	25.30	0.00012
1401.00	5284.84	25.30	0.00012
1402.00	5289.01	25.30	0.00012
1403.00	5293.17	25.30	0.00012
1404.00	5297.33	25.30	0.00012
1405.00	5301.49	25.30	0.00012
1406.00	5305.65	25.30	0.00012
1407.00	5309.81	25.30	0.00012
1408.00	5313.96	25.30	0.00012
1409.00	5318.11	25.30	0.00012
1410.00	5322.26	25.30	0.00012
1411.00	5326.41	25.30	0.00011
1412.00	5330.56	25.30	0.00011
1413.00	5334.70	25.30	0.00011
1414.00	5338.84	25.30	0.00011
1415.00	5342.98	25.30	0.00011
1416.00	5347.12	25.30	0.00011
1417.00	5351.26	25.30	0.00011
1418.00	5355.39	25.30	0.00011
1419.00	5359.52	25.30	0.00011
1420.00	5363.66	25.30	0.00011
1421.00	5367.78	25.30	0.00011
1422.00	5371.91	25.30	0.00011
1423.00	5376.03	25.30	0.00011
1424.00	5380.16	25.30	0.00011
1425.00	5384.28	25.30	0.00011
1426.00	5388.40	25.30	0.00011
1427.00	5392.51	25.30	0.00011
1428.00	5396.63	25.30	0.00011
1429.00	5400.74	25.30	0.00011
1430.00	5404.85	25.30	0.00011
1431.00	5408.96	25.30	0.00011
1432.00	5413.06	25.30	0.00011
1433.00	5417.17	25.30	0.00011
1434.00	5421.27	25.30	0.00011
1435.00	5425.37	25.30	0.00011
1436.00	5429.47	25.30	0.00011
1437.00	5433.56	25.30	0.00011
1438.00	5437.66	25.30	0.00007
1439.00	5441.75	25.30	0.00007
1440.00	5445.84	25.30	0.00007
1441.00	5449.92	25.30	0.00007
1442.00	5454.01	25.30	0.00007
1443.00	5458.09	25.30	0.00007
1444.00	5462.17	25.30	0.00007
1445.00	5466.25	25.30	0.00007
1446.00	5470.33	25.30	0.00007
1447.00	5474.40	25.30	0.00007
1448.00	5478.47	25.30	0.00007
1449.00	5482.54	25.30	0.00007
1450.00	5486.61	25.30	0.00007
1451.00	5490.68	25.30	0.00007
1452.00	5494.74	25.30	0.00007
1453.00	5498.80	25.30	0.00007
1454.00	5502.86	25.30	0.00007
1455.00	5506.92	25.30	0.00007
1456.00	5510.97	25.30	0.00007
1457.00	5515.03	25.30	0.00007
1458.00	5519.08	25.30	0.00007
1459.00	5523.12	25.30	0.00007
1460.00	5527.17	25.30	0.00007
1461.00	5531.21	25.30	0.00007
1462.00	5535.25	25.30	0.00007
1463.00	5539.29	25.30	0.00007
1464.00	5543.33	25.30	0.00007
1465.00	5547.36	25.30	0.00007
1466.00	5551.40	25.30	0.00007
1467.00	5555.43	25.30	0.00007
1468.00	5559.45	25.30	0.00007
1469.00	5563.48	25.30	0.00007
1470.00	5567.50	25.30	0.00007
1471.00	5571.52	25.30	0.00007
1472.00	5575.54	25.30	0.00007
1473.00	5579.56	25.30	0.00007
1474.00	5583.57	25.30	0.00007
1475.00	5587.58	25.30	0.00007
1476.00	5591.59	25.30	0.00007
1477.00	5595.60	25.30	0.00007
1478.00	5599.60	25.30	0.00007
1479.00	5603.61	25.30	0.00007
1480.00	5607.61	25.30	0.00007
1481.00	5611.60	25.30	0.00007
1482.00	5615.60	25.30	0.00007
1483.00	5619.59	25.30	0.00007
1484.00	5623.58	25.30	0.00007
1485.00	5627.57	25.30	0.00007
1486.00	5631.55	25.30	0.00007
1487.00	5635.54	25.30	0.00007
1488.00	5639.52	25.30	0.00006
1489.00	5643.50	25.30	0.00006
1490.00	5647.47	25.30	0.00006
1491.00	5651.45	25.30	0.00006
1492.00	5655.42	25.30	0.00006
1493.00	5659.39	25.30	0.00006
1494.00	5663.35	25.30	0.00006
1495.00	5667.32	25.30	0.00006
1496.00	5671.28	25.30	0.00006
1497.00	5675.23	25.30	0.00006
1498.00	5679.19	25.30	0.00006
1499.00	5683.14	25.30	0.00006
1500.00	5687.10	25.30	0.00006
1501.00	5691.04	25.30	0.00006
1502.00	5694.99	25.30	0.00006
1503.00	5698.93	25.30	0.00006
1504.00	5702.88	25.30	0.00006
1505.00	5706.81	25.30	0.00006
1506.00	5710.75	25.30	0.00006
1507.00	5714.68	25.30	0.00006
1508.00	5718.62	25.30	0.00006
1509.00	5722.54	25.30	0.00006
1510.00	5726.47	25.30	0.00006
1511.00	5730.39	25.30	0.00006
1512.00	5734.31	25.30	0.00006
1513.00	5738.23	25.30	0.00006
1514.00	5742.15	25.30	0.00006
1515.00	5746.06	25.30	0.00006
1516.00	5749.97	25.30	0.00006
1517.00	5753.88	25.30	0.00006
1518.00	5757.78	25.30	0.00006
1519.00	5761.69	25.30	0.00006
1520.00	5765.59	25.30	0.00006
1521.00	5769.48	25.30	0.00006
1522.00	5773.38	25.30	0.00006
1523.00	5777.27	25.30	0.00006
1524.00	5781.16	25.30	0.00006
1525.00	5785.05	25.30	0.00006
1526.00	5788.93	25.30	0.00006
1527.00	5792.81	25.30	0.00006
1528.00	5796.69	25.30	0.00006
1529.00	5800.57	25.30	0.00006
1530.00	5804.44	25.30	0.00006
1531.00	5808.31	25.30	0.00006
1532.00	5812.18	25.30	0.00006
1533.00	5816.05	25.30	0.00006
1534.00	5819.91	25.30	0.00006
1535.00	5823.77	25.30	0.00006
1536.00	5827.63	25.30	0.00006
1537.00	5831.48	25.30	0.00006
1538.00	5835.33	25.30	0.00006
1539.00	5839.18	25.30	0.00006
1540.00	5843.03	25.30	0.00020
1541.00	5846.87	25.30	0.00020
1542.00	5850.71	25.30	0.00020
1543.00	5854.55	25.30	0.00020
1544.00	5858.38	25.30	0.00020
1545.00	5862.22	25.30	0.00020
1546.00	5866.05	25.30	0.00020
1547.00	5869.87	25.30	0.00020
1548.00	5873.70	25.30	0.00020
1549.00	5877.52	25.30	0.00020
1550.00	5881.34	25.30	0.00020
1551.00	5885.15	25.30	0.00020
1552.00	5888.96	25.30	0.00020
1553.00	5892.77	25.30	0.00020
1554.00	5896.58	25.30	0.00020
1555.00	5900.38	25.30	0.00020
1556.00	5904.18	25.30	0.00020
1557.00	5907.98	25.30	0.00020
1558.00	5911.78	25.30	0.00020
1559.00	5915.57	25.30	0.00020
1560.00	5919.36	25.30	0.00020
1561.00	5923.15	25.30	0.00020
1562.00	5926.93	25.30	0.00020
1563.00	5930.71	25.30	0.00020
1564.00	5934.49	25.30	0.00020
1565.00	5938.26	25.30	0.00020
1566.00	5942.03	25.30	0.00020
1567.00	5945.80	25.30	0.00020
1568.00	5949.57	25.30	0.00020
1569.00	5953.33	25.30	0.00020
1570.00	5957.09	25.30	0.00020
1571.00	5960.85	25.30	0.00020
1572.00	5964.60	25.30	0.00020
1573.00	5968.35	25.30	0.00020
1574.00	5972.10	25.30	0.00020
1575.00	5975.85	25.30	0.00020
1576.00	5979.59	25.30	0.00020
1577.00	5983.33	25.30	0.00020
1578.00	5987.06	25.30	0.00020
1579.00	5990.80	25.30	0.00020
1580.00	5994.53	25.30	0.00020
1581.00	5998.25	25.30	0.00020
1582.00	6001.98	25.30	0.00020
1583.00	6005.70	25.30	0.00020
1584.00	6009.41	25.30	0.00020
1585.00	6013.13	25.30	0.00020
1586.00	6016.84	25.30	0.00020
1587.00	6020.55	25.30	0.00020
1588.00	6024.25	25.30	0.00020
1589.00	6027.95	25.30	0.00020
1590.00	6031.65	25.30	0.00020
1591.00	6035.35	25.30	0.00019
1592.00	6039.04	25.30	0.00019
1593.00	6042.73	25.40	0.00002
1594.00	6046.42	25.40	0.00002
1595.00	6050.10	25.40	0.00002
1596.00	6053.78	25.40	0.00002
1597.00	6057.46	25.40	0.00002
1598.00	6061.13	25.40	0.00002
1599.00	6064.80	25.40	0.00002
1600.00	6068.47	25.40	0.00002
1601.00	6072.13	25.40	0.00002
1602.00	6075.79	25.40	0.00002
1603.00	6079.45	25.40	0.00002
1604.00	6083.10	25.40	0.00002
1605.00	6086.75	25.40	0.00002
1606.00	6090.40	25.40	0.00002
1607.00	6094.04	25.40	0.00002
1608.00	6097.68	25.40	0.00002
1609.00	6101.32	25.40	0.00002
1610.00	6104.96	25.40	0.00002
1611.00	6108.59	25.40	0.00002
1612.00	6112.21	25.40	0.00002
1613.00	6115.84	25.40	0.00002
1614.00	6119.46	25.40	0.00002
1615.00	6123.08	25.40	0.00002
1616.00	6126.69	25.40	0.00002
1617.00	6130.30	25.40	0.00002
1618.00	6133.91	25.40	0.00002
1619.00	6137.52	25.40	0.00002
1620.00	6141.12	25.40	0.00002
1621.00	6144.71	25.40	0.00002
1622.00	6148.31	25.40	0.00002
1623.00	6151.90	25.40	0.00002
1624.00	6155.49	25.40	0.00002
1625.00	6159.07	25.40	0.00002
1626.00	6162.65	25.40	0.00002
1627.00	6166.23	25.40	0.00002
1628.00	6169.80	25.40	0.00002
1629.00	6173.37	25.40	0.00002
1630.00	6176.94	25.40	0.00002
1631.00	6180.50	25.40	0.00002
1632.00	6184.06	25.40	0.00002
1633.00	6187.62	25.40	0.00002
1634.00	6191.17	25.40	0.00002
1635.00	6194.72	25.40	0.00002
1636.00	6198.26	25.40	0.00002
1637.00	6201.81	25.40	0.00002
1638.00	6205.34	25.40	0.00002
1639.00	6208.88	25.40	0.00002
1640.00	6212.41	25.40	0.00002
1641.00	6215.94	25.40	0.00002
1642.00	6219.46	25.40	0.00002
1643.00	6222.98	25.40	0.00002
1644.00	6226.50	25.40	0.00002
1645.00	6230.01	25.40	0.00002
1646.00	6233.52	25.40	0.00002
1647.00	6237.03	25.40	0.00002
1648.00	6240.53	25.40	0.00002
1649.00	6244.03	25.40	0.00009
1650.00	6247.53	25.40	0.00009
1651.00	6251.02	25.40	0.00009
1652.00	6254.51	25.40	0.00009
1653.00	6257.99	25.40	0.00009
1654.00	6261.47	25.40	0.00009
1655.00	6264.95	25.40	0.00009
1656.00	6268.42	25.40	0.00009
1657.00	6271.89	25.40	0.00009
1658.00	6275.36	25.40	0.00009
1659.00	6278.82	25.40	0.00009
1660.00	6282.28	25.40	0.00009
1661.00	6285.73	25.40	0.00009
1662.00	6289.18	25.40	0.00009
1663.00	6292.63	25.40	0.00009
1664.00	6296.08	25.40	0.00009
1665.00	6299.52	25.40	0.00009
1666.00	6302.95	25.40	0.00009
1667.00	6306.38	25.40	0.00009
1668.00	6309.81	25.40	0.00009
1669.00	6313.24	25.40	0.00009
1670.00	6316.66	25.40	0.00009
1671.00	6320.07	25.40	0.00009
1672.00	6323.49	25.40	0.00009
1673.00	6326.89	25.40	0.00009
1674.00	6330.30	25.40	0.00009
1675.00	6333.70	25.40	0.00009
1676.00	6337.10	25.40	0.00009
1677.00	6340.49	25.40	0.00009
1678.00	6343.88	25.40	0.00009
1679.00	6347.27	25.40	0.00009
1680.00	6350.65	25.40	0.00009
1681.00	6354.02	25.40	0.00009
1682.00	6357.40	25.40	0.00009
1683.00	6360.77	25.40	0.00009
1684.00	6364.13	25.40	0.00009
1685.00	6367.50	25.40	0.00009
1686.00	6370.85	25.40	0.00009
1687.00	6374.21	25.40	0.00009
1688.00	6377.56	25.40	0.00009
1689.00	6380.90	25.40	0.00009
1690.00	6384.24	25.40	0.00009
1691.00	6387.58	25.40	0.00009
1692.00	6390.91	25.40	0.00009
1693.00	6394.24	25.40	0.00009
1694.00	6397.57	25.40	0.00009
1695.00	6400.89	25.40	0.00009
1696.00	6404.21	25.40	0.00009
1697.00	6407.52	25.40	0.00009
1698.00	6410.83	25.40	0.00009
1699.00	6414.13	25.40	0.00009
1700.00	6417.44	25.40	0.00009
1701.00	6420.73	25.40	0.00009
1702.00	6424.02	25.40	0.00009
1703.00	6427.31	25.40	0.00009
1704.00	6430.60	25.40	0.00009
1705.00	6433.88	25.40	0.00009
1706.00	6437.15	25.40	0.00009
1707.00	6440.42	25.40	0.00009
1708.00	6443.69	25.30	0.00020
1709.00	6446.95	25.30	0.00020
1710.00	6450.21	25.30	0.00020
1711.00	6453.47	25.30	0.00020
1712.00	6456.71	25.30	0.00020
1713.00	6459.96	25.30	0.00020
1714.00	6463.20	25.30	0.00020
1715.00	6466.44	25.30	0.00020
1716.00	6469.67	25.30	0.00020
1717.00	6472.90	25.30	0.00020
1718.00	6476.12	25.30	0.00020
1719.00	6479.34	25.30	0.00020
1720.00	6482.56	25.30	0.00020
1721.00	6485.77	25.30	0.00020
1722.00	6488.98	25.30	0.00020
1723.00	6492.18	25.30	0.00020
1724.00	6495.38	25.30	0.00020
1725.00	6498.57	25.30	0.00020
1726.00	6501.76	25.30	0.00020
1727.00	6504.94	25.30	0.00020
1728.00	6508.12	25.30	0.00020
1729.00	6511.30	25.30	0.00020
1730.00	6514.47	25.30	0.00019
1731.00	6517.64	25.30	0.00019
1732.00	6520.80	25.30	0.00019
1733.00	6523.95	25.30	0.00019
1734.00	6527.11	25.30	0.00019
1735.00	6530.26	25.30	0.00019
1736.00	6533.40	25.30	0.00019
1737.00	6536.54	25.30	0.00019
1738.00	6539.67	25.30	0.00019
1739.00	6542.80	25.30	0.00019
1740.00	6545.93	25.30	0.00019
1741.00	6549.05	25.30	0.00019
1742.00	6552.16	25.30	0.00019
1743.00	6555.28	25.30	0.00019
1744.00	6558.38	25.30	0.00019
1745.00	6561.48	25.30	0.00019
1746.00	6564.58	25.30	0.00019
1747.00	6567.67	25.30	0.00019
1748.00	6570.76	25.30	0.00019
1749.00	6573.85	25.30	0.00019
1750.00	6576.92	25.30	0.00019
1751.00	6580.00	25.30	0.00019
1752.00	6583.07	25.30	0.00019
1753.00	6586.13	25.30	0.00019
1754.00	6589.19	25.30	0.00019
1755.00	6592.24	25.30	0.00019
1756.00	6595.29	25.30	0.00019
1757.00	6598.34	25.30	0.00019
1758.00	6601.38	25.30	0.00019
1759.00	6604.41	25.30	0.00019
1760.00	6607.44	25.30	0.00019
1761.00	6610.47	25.30	0.00019
1762.00	6613.49	25.30	0.00019
1763.00	6616.50	25.30	0.00019
1764.00	6619.51	25.30	0.00019
1765.00	6622.52	25.30	0.00019
1766.00	6625.52	25.30	0.00019
1767.00	6628.52	25.30	0.00019
1768.00	6631.51	25.30	0.00019
1769.00	6634.49	25.30	0.00019
1770.00	6637.47	25.30	0.00019
1771.00	6640.45	25.30	0.00019
1772.00	6643.42	25.30	0.00019
1773.00	6646.38	25.30	0.00016
1774.00	6649.34	25.30	0.00016
1775.00	6652.30	25.30	0.00016
1776.00	6655.25	25.30	0.00016
1777.00	6658.19	25.30	0.00016
1778.00	6661.13	25.30	0.00016
1779.00	6664.07	25.30	0.00016
1780.00	6667.00	25.30	0.00016
1781.00	6669.92	25.30	0.00016
1782.00	6672.84	25.30	0.00016
1783.00	6675.76	25.30	0.00016
1784.00	6678.66	25.30	0.00016
1785.00	6681.57	25.30	0.00016
1786.00	6684.47	25.30	0.00016
1787.00	6687.36	25.30	0.00016
1788.00	6690.25	25.30	0.00016
1789.00	6693.13	25.30	0.00016
1790.00	6696.00	25.30	0.00016
1791.00	6698.88	25.30	0.00016
1792.00	6701.74	25.30	0.00016
1793.00	6704.60	25.30	0.00016
1794.00	6707.46	25.30	0.00016
1795.00	6710.31	25.30	0.00016
1796.00	6713.15	25.30	0.00016
1797.00	6715.99	25.30	0.00016
1798.00	6718.83	25.30	0.00016
1799.00	6721.65	25.30	0.00016
1800.00	6724.48	25.30	0.00016
1801.00	6727.29	25.30	0.00016
1802.00	6730.10	25.30	0.00016
1803.00	6732.91	25.30	0.00016
1804.00	6735.71	25.30	0.00016
1805.00	6738.51	25.30	0.00016
1806.00	6741.29	25.30	0.00016
1807.00	6744.08	25.30	0.00016
1808.00	6746.86	25.30	0.00016
1809.00	6749.63	25.30	0.00015
1810.00	6752.40	25.30	0.00015
1811.00	6755.16	25.30	0.00015
1812.00	6757.91	25.30	0.00015
1813.00	6760.66	25.30	0.00015
1814.00	6763.40	25.30	0.00015
1815.00	6766.14	25.30	0.00015
1816.00	6768.87	25.30	0.00015
1817.00	6771.60	25.30	0.00015
1818.00	6774.32	25.30	0.00015
1819.00	6777.04	25.30	0.00015
1820.00	6779.75	25.30	0.00015
1821.00	6782.45	25.30	0.00015
1822.00	6785.15	25.30	0.00015
1823.00	6787.84	25.30	0.00015
1824.00	6790.52	25.30	0.00015
1825.00	6793.20	25.30	0.00015
1826.00	6795.87	25.30	0.00015
1827.00	6798.54	25.30	0.00015
1828.00	6801.20	25.30	0.00015
1829.00	6803.86	25.30	0.00015
1830.00	6806.51	25.30	0.00015
1831.00	6809.15	25.30	0.00015
1832.00	6811.79	25.30	0.00015
1833.00	6814.42	25.30	0.00015
1834.00	6817.04	25.30	0.00015
1835.00	6819.66	25.30	0.00015
1836.00	6822.27	25.30	0.00015
1837.00	6824.88	25.30	0.00015
1838.00	6827.48	25.30	0.00015
1839.00	6830.07	25.30	0.00015
1840.00	6832.66	25.30	0.00015
1841.00	6835.24	25.30	0.00015
1842.00	6837.82	25.30	0.00015
1843.00	6840.39	25.30	0.00015
1844.00	6842.95	25.30	0.00015
1845.00	6845.50	25.30	0.00015
1846.00	6848.05	25.30	0.00008
1847.00	6850.60	25.30	0.00008
1848.00	6853.13	25.30	0.00008
1849.00	6855.66	25.30	0.00008
1850.00	6858.19	25.30	0.00008
1851.00	6860.70	25.30	0.00008
1852.00	6863.21	25.30	0.00008
1853.00	6865.72	25.30	0.00008
1854.00	6868.21	25.30	0.00008
1855.00	6870.70	25.30	0.00008
1856.00	6873.19	25.30	0.00008
1857.00	6875.67	25.30	0.00008
1858.00	6878.14	25.30	0.00008
1859.00	6880.60	25.30	0.00008
1860.00	6883.06	25.30	0.00008
1861.00	6885.51	25.30	0.00008
1862.00	6887.95	25.30	0.00008
1863.00	6890.39	25.30	0.00008
1864.00	6892.82	25.30	0.00008
1865.00	6895.24	25.30	0.00008
1866.00	6897.66	25.30	0.00008
1867.00	6900.07	25.30	0.00008
1868.00	6902.47	25.30	0.00008
1869.00	6904.86	25.30	0.00008
1870.00	6907.25	25.30	0.00008
1871.00	6909.63	25.30	0.00008
1872.00	6912.01	25.30	0.00008
1873.00	6914.38	25.30	0.00008
1874.00	6916.74	25.30	0.00008
1875.00	6919.09	25.30	0.00008
1876.00	6921.43	25.30	0.00008
1877.00	6923.77	25.30	0.00008
1878.00	6926.10	25.30	0.00008
1879.00	6928.43	25.30	0.00008
1880.00	6930.74	25.30	0.00008
1881.00	6933.05	25.30	0.00008
1882.00	6935.36	25.30	0.00008
1883.00	6937.65	25.30	0.00008
1884.00	6939.94	25.30	0.00008
1885.00	6942.22	25.30	0.00008
1886.00	6944.49	25.30	0.00008
1887.00	6946.75	25.30	0.00008
1888.00	6949.01	25.30	0.00008
1889.00	6951.26	25.30	0.00008
1890.00	6953.50	25.30	0.00008
1891.00	6955.74	25.30	0.00008
1892.00	6957.96	25.30	0.00008
1893.00	6960.18	25.30	0.00008
1894.00	6962.39	25.30	0.00008
1895.00	6964.60	25.30	0.00008
1896.00	6966.79	25.30	0.00008
1897.00	6968.98	25.30	0.00008
1898.00	6971.16	25.30	0.00008
1899.00	6973.33	25.30	0.00008
1900.00	6975.50	25.30	0.00008
1901.00	6977.65	25.30	0.00008
1902.00	6979.80	25.30	0.00008
1903.00	6981.94	25.30	0.00008
1904.00	6984.07	25.30	0.00008
1905.00	6986.20	25.30	0.00008
1906.00	6988.31	25.30	0.00008
1907.00	6990.42	25.30	0.00008
1908.00	6992.52	25.30	0.00008
1909.00	6994.61	25.30	0.00008
1910.00	6996.69	25.30	0.00008
1911.00	6998.76	25.30	0.00008
1912.00	7000.83	25.30	0.00008
1913.00	7002.89	25.30	0.00008
1914.00	7004.93	25.30	0.00008
1915.00	7006.97	25.30	0.00008
1916.00	7009.00	25.30	0.00008
1917.00	7011.03	25.30	0.00008
1918.00	7013.04	25.30	0.00008
1919.00	7015.05	25.30	0.00008
1920.00	7017.04	25.30	0.00008
1921.00	7019.03	25.30	0.00008
1922.00	7021.01	25.30	0.00008
1923.00	7022.98	25.30	0.00008
1924.00	7024.94	25.30	0.00008
1925.00	7026.89	25.30	0.00008
1926.00	7028.83	25.30	0.00008
1927.00	7030.77	25.30	0.00008
1928.00	7032.69	25.30	0.00008
1929.00	7034.61	25.30	0.00008
1930.00	7036.51	25.30	0.00008
1931.00	7038.41	25.30	0.00008
1932.00	7040.30	25.30	0.00008
1933.00	7042.17	25.30	0.00008
1934.00	7044.04	25.30	0.00008
1935.00	7045.90	25.30	0.00008
1936.00	7047.75	25.30	0.00008
1937.00	7049.59	25.30	0.00008
1938.00	7051.42	25.30	0.00008
1939.00	7053.24	25.40	0.00068
1940.00	7055.05	25.40	0.00068
1941.00	7056.85	25.40	0.00068
1942.00	7058.64	25.40	0.00068
1943.00	7060.42	25.40	0.00068
1944.00	7062.19	25.40	0.00068
1945.00	7063.95	25.40	0.00068
1946.00	7065.69	25.40	0.00068
1947.00	7067.43	25.40	0.00068
1948.00	7069.16	25.40	0.00068
1949.00	7070.88	25.40	0.00068
1950.00	7072.59	25.40	0.00068
1951.00	7074.28	25.40	0.00068
1952.00	7075.97	25.40	0.00068
1953.00	7077.65	25.40	0.00068
1954.00	7079.31	25.40	0.00068
1955.00	7080.96	25.40	0.00068
1956.00	7082.61	25.40	0.00068
1957.00	7084.24	25.40	0.00068
1958.00	7085.86	25.40	0.00068
1959.00	7087.47	25.40	0.00068
1960.00	7089.07	25.40	0.00068
1961.00	7090.65	25.40	0.00068
1962.00	7092.23	25.40	0.00068
1963.00	7093.79	25.40	0.00068
1964.00	7095.34	25.40	0.00068
1965.00	7096.88	25.40	0.00068
1966.00	7098.41	25.40	0.00068
1967.00	7099.92	25.40	0.00068
1968.00	7101.43	25.40	0.00068
1969.00	7102.92	25.40	0.00068
1970.00	7104.40	25.40	0.00068
1971.00	7105.87	25.40	0.00068
1972.00	7107.32	25.40	0.00068
1973.00	7108.76	25.40	0.00068
1974.00	7110.19	25.40	0.00068
1975.00	7111.60	25.40	0.00068
1976.00	7113.01	25.40	0.00068
1977.00	7114.40	25.40	0.00068
1978.00	7115.77	25.40	0.00068
1979.00	7117.13	25.40	0.00068
1980.00	7118.48	25.40	0.00068
1981.00	7119.82	25.40	0.00068
1982.00	7121.14	25.40	0.00068
1983.00	7122.45	25.40	0.00068
1984.00	7123.74	25.40	0.00068
1985.00	7125.02	25.40	0.00068
1986.00	7126.28	25.40	0.00068
1987.00	7127.53	25.40	0.00068
1988.00	7128.76	25.40	0.00068
1989.00	7129.98	25.40	0.00068
1990.00	7131.18	25.40	0.00068
1991.00	7132.37	25.40	0.00067
1992.00	7133.54	25.40	0.00067
1993.00	7134.70	25.40	0.00067
1994.00	7135.84	25.40	0.00067
1995.00	7136.96	25.40	0.00067
1996.00	7138.07	25.40	0.00067
1997.00	7139.16	25.40	0.00067
1998.00	7140.23	25.40	0.00067
1999.00	7141.29	25.40	0.00067
2000.00	7142.32	25.40	0.00067
2001.00	7143.34	25.40	0.00067
2002.00	7144.34	25.40	0.00067
2003.00	7145.32	25.40	0.00067
2004.00	7146.28	25.40	0.00067
2005.00	7147.22	25.40	0.00067
2006.00	7148.15	25.40	0.00067
2007.00	7149.05	25.40	0.00067
2008.00	7149.93	25.40	0.00067
2009.00	7150.78	25.40	0.00067
2010.00	7151.62	25.40	0.00067
2011.00	7152.43	25.40	0.00067
2012.00	7153.22	25.40	0.00067
2013.00	7153.99	25.40	0.00067
2014.00	7154.73	25.40	0.00067
2015.00	7155.44	25.40	0.00067
2016.00	7156.13	25.40	0.00067
2017.00	7156.79	25.40	0.00067
2018.00	7157.42	25.40	0.00067
2019.00	7158.02	25.40	0.00067
2020.00	7158.59	25.40	0.00067
2021.00	7159.12	25.40	0.00067
2022.00	7159.61	25.40	0.00067
2023.00	7160.07	25.40	0.00067
2024.00	7160.48	25.40	0.00067
2025.00	7160.84	25.40	0.00067
2026.00	7161.15	25.40	0.00067
2027.00	7161.39	25.40	0.00067
