0.00	0.00	25.60	0.00000
1.00	1.40	25.60	7.66586
2.00	3.90	25.60	2.70769
3.00	7.30	25.60	1.47285
4.00	1.12	25.60	0.95610
5.00	1.56	25.60	0.68380
6.00	2.06	25.60	0.51997
7.00	2.59	25.60	0.41247
8.00	3.17	25.60	0.33749
9.00	3.78	25.60	0.28275
10.00	4.43	25.60	0.24135
11.00	5.11	25.60	0.20914
12.00	5.83	25.60	0.18351
13.00	6.57	25.60	0.16271
14.00	7.35	25.60	0.14556
15.00	8.15	25.60	0.13122
16.00	8.98	25.60	0.11909
17.00	9.84	25.60	0.10872
18.00	10.72	25.60	0.09977
19.00	11.63	25.60	0.09199
20.00	12.56	25.60	0.08516
21.00	13.51	25.60	0.07914
22.00	14.49	25.60	0.07380
23.00	15.49	25.60	0.06903
24.00	16.52	25.60	0.06475
25.00	17.56	25.60	0.06090
26.00	18.63	25.60	0.05741
27.00	19.71	25.60	0.05425
28.00	20.82	25.60	0.05136
29.00	21.95	25.60	0.04872
30.00	23.09	25.60	0.04630
31.00	24.26	25.60	0.04408
32.00	25.45	25.60	0.04202
33.00	26.65	25.60	0.04013
34.00	27.87	25.60	0.03837
35.00	29.11	25.60	0.03673
36.00	30.37	25.60	0.03521
37.00	31.65	25.60	0.03379
38.00	32.94	25.60	0.03246
39.00	34.25	25.60	0.03122
40.00	35.58	25.60	0.03005
41.00	36.93	25.60	0.02896
42.00	38.29	25.60	0.02793
43.00	39.66	25.60	0.02696
44.00	41.06	25.60	0.02605
45.00	42.47	25.60	0.02518
46.00	43.89	25.60	0.02436
47.00	45.33	25.60	0.02359
48.00	46.79	25.60	0.02286
49.00	48.26	25.60	0.02216
50.00	49.75	25.60	0.02150
51.00	51.25	25.60	0.02087
52.00	52.76	25.60	0.02027
53.00	54.30	25.60	0.01970
54.00	55.84	25.60	0.01915
55.00	57.40	25.60	0.01863
56.00	58.97	25.60	0.01813
57.00	60.56	25.60	0.01766
58.00	62.16	25.60	0.01720
59.00	63.78	25.60	0.01677
60.00	65.41	25.60	0.01635
61.00	67.05	25.60	0.01595
62.00	68.71	25.60	0.01556
63.00	70.38	25.60	0.01520
64.00	72.06	25.60	0.01484
65.00	73.75	25.60	0.01450
66.00	75.46	25.60	0.01417
67.00	77.19	25.60	0.01385
68.00	78.92	25.60	0.01355
69.00	80.67	25.60	0.01326
70.00	82.43	25.60	0.01297
71.00	84.20	25.60	0.01270
72.00	85.98	25.60	0.01244
73.00	87.78	25.60	0.01218
74.00	89.59	25.60	0.01194
75.00	91.41	25.60	0.01170
76.00	93.25	25.60	0.01147
77.00	95.09	25.60	0.01125
78.00	96.95	25.60	0.01103
79.00	98.82	25.60	0.01082
80.00	100.70	25.60	0.01062
81.00	102.59	25.60	0.01042
82.00	104.50	25.60	0.01023
83.00	106.41	25.60	0.01005
84.00	108.34	25.60	0.00987
85.00	110.28	25.60	0.00970
86.00	112.23	25.60	0.00953
87.00	114.19	25.60	0.00937
88.00	116.16	25.60	0.00921
89.00	118.14	25.60	0.00905
90.00	120.14	25.60	0.00890
91.00	122.14	25.60	0.00876
92.00	124.16	25.60	0.00861
93.00	126.18	25.60	0.00847
94.00	128.22	25.60	0.00834
95.00	130.27	25.60	0.00821
96.00	132.33	25.60	0.00808
97.00	134.40	25.60	0.00796
98.00	136.48	25.60	0.00784
99.00	138.57	25.60	0.00772
100.00	140.67	25.60	0.00760
101.00	142.78	25.60	0.00749
102.00	144.90	25.60	0.00738
103.00	147.03	25.60	0.00727
104.00	149.17	25.60	0.00717
105.00	151.32	25.60	0.00707
106.00	153.49	25.60	0.00697
107.00	155.66	25.60	0.00687
108.00	157.84	25.60	0.00678
109.00	160.03	25.60	0.00668
110.00	162.23	25.60	0.00659
111.00	164.44	25.60	0.00650
112.00	166.66	25.60	0.00642
113.00	168.89	25.60	0.00633
114.00	171.13	25.60	0.00625
115.00	173.38	25.60	0.00617
116.00	175.64	25.60	0.00609
117.00	177.91	25.60	0.00601
118.00	180.19	25.60	0.00593
119.00	182.48	25.60	0.00586
120.00	184.77	25.60	0.00579
121.00	187.08	25.60	0.00572
122.00	189.40	25.60	0.00565
123.00	191.72	25.60	0.00558
124.00	194.05	25.60	0.00551
125.00	196.40	25.60	0.00545
126.00	198.75	25.60	0.00538
127.00	201.11	25.60	0.00532
128.00	203.48	25.60	0.00526
129.00	205.86	25.60	0.00519
130.00	208.25	25.60	0.00514
131.00	210.64	25.60	0.00508
132.00	213.05	25.60	0.00502
133.00	215.46	25.60	0.00496
134.00	217.89	25.60	0.00491
135.00	220.32	25.60	0.00485
136.00	222.76	25.60	0.00480
137.00	225.21	25.60	0.00475
138.00	227.67	25.60	0.00470
139.00	230.14	25.60	0.00465
140.00	232.61	25.60	0.00460
141.00	235.09	25.60	0.00455
142.00	237.59	25.60	0.00450
143.00	240.09	25.60	0.00445
144.00	242.60	25.60	0.00441
145.00	245.11	25.60	0.00436
146.00	247.64	25.60	0.00432
147.00	250.17	25.60	0.00427
148.00	252.72	25.60	0.00423
149.00	255.27	25.60	0.00419
150.00	257.83	25.60	0.00415
151.00	260.39	25.60	0.00411
152.00	262.97	25.60	0.00407
153.00	265.55	25.60	0.00403
154.00	268.14	25.60	0.00399
155.00	270.74	25.60	0.00395
156.00	273.35	25.60	0.00391
157.00	275.96	25.60	0.00388
158.00	278.59	25.60	0.00384
159.00	281.22	25.60	0.00380
160.00	283.86	25.60	0.00377
161.00	286.50	25.60	0.00373
162.00	289.16	25.60	0.00370
163.00	291.82	25.60	0.00366
164.00	294.49	25.60	0.00363
165.00	297.17	25.60	0.00360
166.00	299.86	25.60	0.00357
167.00	302.55	25.60	0.00353
168.00	305.25	25.60	0.00350
169.00	307.96	25.60	0.00347
170.00	310.68	26.10	0.00046
171.00	313.40	26.10	0.00046
172.00	316.13	26.10	0.00045
173.00	318.87	26.10	0.00045
174.00	321.62	26.10	0.00045
175.00	324.37	26.10	0.00044
176.00	327.13	26.10	0.00044
177.00	329.90	26.10	0.00043
178.00	332.68	26.10	0.00043
179.00	335.46	26.10	0.00043
180.00	338.25	26.10	0.00042
181.00	341.05	26.10	0.00042
182.00	343.85	26.10	0.00042
183.00	346.67	26.10	0.00041
184.00	349.49	26.10	0.00041
185.00	352.31	26.10	0.00041
186.00	355.15	26.10	0.00040
187.00	357.99	26.10	0.00040
188.00	360.84	26.10	0.00040
189.00	363.69	26.10	0.00039
190.00	366.56	26.10	0.00039
191.00	369.43	26.10	0.00039
192.00	372.30	26.10	0.00038
193.00	375.19	26.10	0.00038
194.00	378.08	26.10	0.00038
195.00	380.98	26.10	0.00038
196.00	383.88	26.10	0.00037
197.00	386.79	26.10	0.00037
198.00	389.71	26.10	0.00037
199.00	392.64	26.10	0.00036
200.00	395.57	26.10	0.00036
201.00	398.51	26.10	0.00036
202.00	401.45	26.10	0.00036
203.00	404.41	26.10	0.00035
204.00	407.37	26.10	0.00035
205.00	410.33	26.10	0.00035
206.00	413.31	26.10	0.00035
207.00	416.29	26.10	0.00034
208.00	419.27	26.10	0.00034
209.00	422.26	26.10	0.00034
210.00	425.26	26.10	0.00034
211.00	428.27	26.10	0.00033
212.00	431.28	26.10	0.00033
213.00	434.30	26.10	0.00033
214.00	437.33	26.10	0.00033
215.00	440.36	26.10	0.00033
216.00	443.40	26.10	0.00032
217.00	446.45	26.10	0.00032
218.00	449.50	26.10	0.00032
219.00	452.56	26.10	0.00032
220.00	455.62	26.10	0.00031
221.00	458.69	26.10	0.00031
222.00	461.77	26.10	0.00031
223.00	464.85	26.10	0.00031
224.00	467.94	26.10	0.00031
225.00	471.04	26.10	0.00030
226.00	474.14	26.10	0.00030
227.00	477.25	26.10	0.00030
228.00	480.37	26.10	0.00030
229.00	483.49	26.10	0.00030
230.00	486.62	26.10	0.00029
231.00	489.75	26.10	0.00029
232.00	492.89	26.10	0.00029
233.00	496.04	26.10	0.00029
234.00	499.19	26.10	0.00029
235.00	502.35	26.10	0.00029
236.00	505.52	26.10	0.00028
237.00	508.69	26.00	0.00341
238.00	511.86	26.00	0.00339
239.00	515.05	26.00	0.00337
240.00	518.24	26.00	0.00335
241.00	521.43	26.00	0.00333
242.00	524.63	26.00	0.00331
243.00	527.84	26.00	0.00329
244.00	531.05	26.00	0.00327
245.00	534.27	26.00	0.00325
246.00	537.50	26.00	0.00323
247.00	540.73	26.00	0.00321
248.00	543.97	26.00	0.00319
249.00	547.21	26.00	0.00317
250.00	550.46	26.00	0.00316
251.00	553.71	26.00	0.00314
252.00	556.97	26.00	0.00312
253.00	560.24	26.00	0.00310
254.00	563.51	26.00	0.00308
255.00	566.79	26.00	0.00306
256.00	570.07	26.00	0.00305
257.00	573.36	26.00	0.00303
258.00	576.66	26.00	0.00301
259.00	579.96	26.00	0.00299
260.00	583.27	26.00	0.00298
261.00	586.58	26.00	0.00296
262.00	589.90	26.00	0.00294
263.00	593.22	26.00	0.00293
264.00	596.55	26.00	0.00291
265.00	599.88	26.00	0.00290
266.00	603.23	26.00	0.00288
267.00	606.57	26.00	0.00286
268.00	609.92	26.00	0.00285
269.00	613.28	26.00	0.00283
270.00	616.64	26.00	0.00282
271.00	620.01	26.00	0.00280
272.00	623.39	26.00	0.00279
273.00	626.77	26.00	0.00277
274.00	630.15	26.00	0.00276
275.00	633.54	26.00	0.00274
276.00	636.94	26.00	0.00273
277.00	640.34	26.00	0.00271
278.00	643.75	26.00	0.00270
279.00	647.16	26.00	0.00268
280.00	650.58	26.00	0.00267
281.00	654.00	26.00	0.00266
282.00	657.43	26.00	0.00264
283.00	660.86	26.00	0.00263
284.00	664.30	26.00	0.00261
285.00	667.74	26.00	0.00260
286.00	671.19	26.00	0.00259
287.00	674.65	26.00	0.00257
288.00	678.11	26.00	0.00256
289.00	681.57	26.00	0.00255
290.00	685.05	26.00	0.00254
291.00	688.52	26.00	0.00252
292.00	692.00	26.00	0.00251
293.00	695.49	26.00	0.00250
294.00	698.98	26.00	0.00248
295.00	702.48	26.00	0.00247
296.00	705.98	26.00	0.00246
297.00	709.49	25.90	0.00008
298.00	713.00	25.90	0.00008
299.00	716.52	25.90	0.00008
300.00	720.04	25.90	0.00008
301.00	723.57	25.90	0.00008
302.00	727.10	25.90	0.00008
303.00	730.64	25.90	0.00008
304.00	734.18	25.90	0.00008
305.00	737.73	25.90	0.00008
306.00	741.28	25.90	0.00008
307.00	744.84	25.90	0.00008
308.00	748.40	25.90	0.00008
309.00	751.97	25.90	0.00008
310.00	755.55	25.90	0.00008
311.00	759.12	25.90	0.00008
312.00	762.71	25.90	0.00008
313.00	766.29	25.90	0.00007
314.00	769.89	25.90	0.00007
315.00	773.49	25.90	0.00007
316.00	777.09	25.90	0.00007
317.00	780.70	25.90	0.00007
318.00	784.31	25.90	0.00007
319.00	787.93	25.90	0.00007
320.00	791.55	25.90	0.00007
321.00	795.18	25.90	0.00007
322.00	798.81	25.90	0.00007
323.00	802.44	25.90	0.00007
324.00	806.09	25.90	0.00007
325.00	809.73	25.90	0.00007
326.00	813.38	25.90	0.00007
327.00	817.04	25.90	0.00007
328.00	820.70	25.90	0.00007
329.00	824.37	25.90	0.00007
330.00	828.04	25.90	0.00007
331.00	831.71	25.90	0.00007
332.00	835.39	25.90	0.00007
333.00	839.07	25.90	0.00007
334.00	842.76	25.90	0.00007
335.00	846.46	25.90	0.00007
336.00	850.16	25.90	0.00007
337.00	853.86	25.90	0.00007
338.00	857.57	25.90	0.00007
339.00	861.28	25.90	0.00007
340.00	865.00	25.90	0.00007
341.00	868.72	25.90	0.00007
342.00	872.44	25.90	0.00007
343.00	876.17	25.90	0.00007
344.00	879.91	25.90	0.00007
345.00	883.65	25.90	0.00006
346.00	887.39	25.90	0.00006
347.00	891.14	25.90	0.00006
348.00	894.89	25.90	0.00006
349.00	898.65	25.90	0.00006
350.00	902.42	25.90	0.00006
351.00	906.18	25.90	0.00006
352.00	909.95	25.80	0.00003
353.00	913.73	25.80	0.00003
354.00	917.51	25.80	0.00003
355.00	921.29	25.80	0.00003
356.00	925.08	25.80	0.00003
357.00	928.88	25.80	0.00003
358.00	932.67	25.80	0.00003
359.00	936.48	25.80	0.00003
360.00	940.28	25.80	0.00003
361.00	944.09	25.80	0.00003
362.00	947.91	25.80	0.00003
363.00	951.73	25.80	0.00003
364.00	955.55	25.80	0.00003
365.00	959.38	25.80	0.00003
366.00	963.22	25.80	0.00003
367.00	967.05	25.80	0.00003
368.00	970.89	25.80	0.00003
369.00	974.74	25.80	0.00003
370.00	978.59	25.80	0.00003
371.00	982.44	25.80	0.00003
372.00	986.30	25.80	0.00003
373.00	990.16	25.80	0.00003
374.00	994.03	25.80	0.00003
375.00	997.90	25.80	0.00003
376.00	1001.78	25.80	0.00003
377.00	1005.66	25.80	0.00003
378.00	1009.54	25.80	0.00003
379.00	1013.43	25.80	0.00003
380.00	1017.32	25.80	0.00003
381.00	1021.22	25.80	0.00003
382.00	1025.12	25.80	0.00003
383.00	1029.02	25.80	0.00003
384.00	1032.93	25.80	0.00003
385.00	1036.85	25.80	0.00003
386.00	1040.76	25.80	0.00003
387.00	1044.68	25.80	0.00003
388.00	1048.61	25.80	0.00003
389.00	1052.54	25.80	0.00003
390.00	1056.47	25.80	0.00003
391.00	1060.41	25.80	0.00003
392.00	1064.35	25.80	0.00003
393.00	1068.29	25.80	0.00003
394.00	1072.24	25.80	0.00003
395.00	1076.20	25.80	0.00003
396.00	1080.16	25.80	0.00003
397.00	1084.12	25.80	0.00003
398.00	1088.08	25.80	0.00003
399.00	1092.05	25.80	0.00003
400.00	1096.03	25.80	0.00003
401.00	1100.00	25.80	0.00003
402.00	1103.98	25.80	0.00003
403.00	1107.97	25.80	0.00003
404.00	1111.96	25.80	0.00088
405.00	1115.95	25.80	0.00088
406.00	1119.95	25.80	0.00088
407.00	1123.95	25.80	0.00087
408.00	1127.95	25.80	0.00087
409.00	1131.96	25.80	0.00087
410.00	1135.98	25.80	0.00086
411.00	1139.99	25.80	0.00086
412.00	1144.01	25.80	0.00086
413.00	1148.04	25.80	0.00085
414.00	1152.06	25.80	0.00085
415.00	1156.10	25.80	0.00085
416.00	1160.13	25.80	0.00085
417.00	1164.17	25.80	0.00084
418.00	1168.21	25.80	0.00084
419.00	1172.26	25.80	0.00084
420.00	1176.31	25.80	0.00083
421.00	1180.37	25.80	0.00083
422.00	1184.42	25.80	0.00083
423.00	1188.49	25.80	0.00083
424.00	1192.55	25.80	0.00082
425.00	1196.62	25.80	0.00082
426.00	1200.70	25.80	0.00082
427.00	1204.77	25.80	0.00081
428.00	1208.85	25.80	0.00081
429.00	1212.94	25.80	0.00081
430.00	1217.03	25.80	0.00081
431.00	1221.12	25.80	0.00080
432.00	1225.21	25.80	0.00080
433.00	1229.31	25.80	0.00080
434.00	1233.41	25.80	0.00080
435.00	1237.52	25.80	0.00079
436.00	1241.63	25.80	0.00079
437.00	1245.74	25.80	0.00079
438.00	1249.86	25.80	0.00079
439.00	1253.98	25.80	0.00078
440.00	1258.11	25.80	0.00078
441.00	1262.23	25.80	0.00078
442.00	1266.37	25.80	0.00077
443.00	1270.50	25.80	0.00077
444.00	1274.64	25.80	0.00077
445.00	1278.78	25.80	0.00077
446.00	1282.93	25.80	0.00076
447.00	1287.08	25.80	0.00076
448.00	1291.23	25.80	0.00076
449.00	1295.38	25.80	0.00076
450.00	1299.54	25.80	0.00076
451.00	1303.71	25.80	0.00075
452.00	1307.87	25.80	0.00075
453.00	1312.04	25.70	0.00008
454.00	1316.22	25.70	0.00008
455.00	1320.40	25.70	0.00008
456.00	1324.58	25.70	0.00008
457.00	1328.76	25.70	0.00008
458.00	1332.95	25.70	0.00008
459.00	1337.14	25.70	0.00008
460.00	1341.33	25.70	0.00007
461.00	1345.53	25.70	0.00007
462.00	1349.73	25.70	0.00007
463.00	1353.94	25.70	0.00007
464.00	1358.14	25.70	0.00007
465.00	1362.36	25.70	0.00007
466.00	1366.57	25.70	0.00007
467.00	1370.79	25.70	0.00007
468.00	1375.01	25.70	0.00007
469.00	1379.23	25.70	0.00007
470.00	1383.46	25.70	0.00007
471.00	1387.69	25.70	0.00007
472.00	1391.93	25.70	0.00007
473.00	1396.17	25.70	0.00007
474.00	1400.41	25.70	0.00007
475.00	1404.65	25.70	0.00007
476.00	1408.90	25.70	0.00007
477.00	1413.15	25.70	0.00007
478.00	1417.41	25.70	0.00007
479.00	1421.66	25.70	0.00007
480.00	1425.92	25.70	0.00007
481.00	1430.19	25.70	0.00007
482.00	1434.46	25.70	0.00007
483.00	1438.73	25.70	0.00007
484.00	1443.00	25.70	0.00007
485.00	1447.28	25.70	0.00007
486.00	1451.56	25.70	0.00007
487.00	1455.84	25.70	0.00007
488.00	1460.13	25.70	0.00007
489.00	1464.42	25.70	0.00007
490.00	1468.71	25.70	0.00007
491.00	1473.01	25.70	0.00007
492.00	1477.31	25.70	0.00007
493.00	1481.61	25.70	0.00007
494.00	1485.91	25.70	0.00007
495.00	1490.22	25.70	0.00007
496.00	1494.53	25.70	0.00007
497.00	1498.85	25.70	0.00007
498.00	1503.17	25.70	0.00007
499.00	1507.49	25.70	0.00007
500.00	1511.81	25.70	0.00007
501.00	1516.14	25.70	0.00100
502.00	1520.47	25.70	0.00100
503.00	1524.80	25.70	0.00100
504.00	1529.14	25.70	0.00100
505.00	1533.48	25.70	0.00099
506.00	1537.82	25.70	0.00099
507.00	1542.17	25.70	0.00099
508.00	1546.51	25.70	0.00098
509.00	1550.87	25.70	0.00098
510.00	1555.22	25.70	0.00098
511.00	1559.58	25.70	0.00098
512.00	1563.94	25.70	0.00097
513.00	1568.30	25.70	0.00097
514.00	1572.67	25.70	0.00097
515.00	1577.04	25.70	0.00097
516.00	1581.41	25.70	0.00096
517.00	1585.79	25.70	0.00096
518.00	1590.17	25.70	0.00096
519.00	1594.55	25.70	0.00095
520.00	1598.93	25.70	0.00095
521.00	1603.32	25.70	0.00095
522.00	1607.71	25.70	0.00095
523.00	1612.10	25.70	0.00094
524.00	1616.50	25.70	0.00094
525.00	1620.90	25.70	0.00094
526.00	1625.30	25.70	0.00094
527.00	1629.70	25.70	0.00093
528.00	1634.11	25.70	0.00093
529.00	1638.52	25.70	0.00093
530.00	1642.93	25.70	0.00093
531.00	1647.35	25.70	0.00092
532.00	1651.77	25.70	0.00092
533.00	1656.19	25.70	0.00092
534.00	1660.61	25.70	0.00092
535.00	1665.04	25.70	0.00091
536.00	1669.47	25.70	0.00091
537.00	1673.90	25.70	0.00091
538.00	1678.34	25.70	0.00091
539.00	1682.78	25.70	0.00090
540.00	1687.22	25.70	0.00090
541.00	1691.66	25.70	0.00090
542.00	1696.11	25.70	0.00090
543.00	1700.56	25.70	0.00089
544.00	1705.01	25.70	0.00089
545.00	1709.47	25.70	0.00089
546.00	1713.93	25.70	0.00089
547.00	1718.39	25.70	0.00117
548.00	1722.85	25.70	0.00116
549.00	1727.32	25.70	0.00116
550.00	1731.78	25.70	0.00116
551.00	1736.26	25.70	0.00116
552.00	1740.73	25.70	0.00115
553.00	1745.21	25.70	0.00115
554.00	1749.69	25.70	0.00115
555.00	1754.17	25.70	0.00114
556.00	1758.65	25.70	0.00114
557.00	1763.14	25.70	0.00114
558.00	1767.63	25.70	0.00113
559.00	1772.12	25.70	0.00113
560.00	1776.62	25.70	0.00113
561.00	1781.12	25.70	0.00113
562.00	1785.62	25.70	0.00112
563.00	1790.12	25.70	0.00112
564.00	1794.63	25.70	0.00112
565.00	1799.13	25.70	0.00111
566.00	1803.65	25.70	0.00111
567.00	1808.16	25.70	0.00111
568.00	1812.68	25.70	0.00111
569.00	1817.19	25.70	0.00110
570.00	1821.72	25.70	0.00110
571.00	1826.24	25.70	0.00110
572.00	1830.77	25.70	0.00110
573.00	1835.29	25.70	0.00109
574.00	1839.83	25.70	0.00109
575.00	1844.36	25.70	0.00109
576.00	1848.90	25.70	0.00108
577.00	1853.44	25.70	0.00108
578.00	1857.98	25.70	0.00108
579.00	1862.52	25.70	0.00108
580.00	1867.07	25.70	0.00107
581.00	1871.62	25.70	0.00107
582.00	1876.17	25.70	0.00107
583.00	1880.72	25.70	0.00107
584.00	1885.28	25.70	0.00106
585.00	1889.84	25.70	0.00106
586.00	1894.40	25.70	0.00106
587.00	1898.96	25.70	0.00106
588.00	1903.53	25.70	0.00105
589.00	1908.10	25.70	0.00105
590.00	1912.67	25.70	0.00105
591.00	1917.24	25.60	0.00084
592.00	1921.82	25.60	0.00083
593.00	1926.40	25.60	0.00083
594.00	1930.98	25.60	0.00083
595.00	1935.56	25.60	0.00083
596.00	1940.15	25.60	0.00083
597.00	1944.74	25.60	0.00082
598.00	1949.33	25.60	0.00082
599.00	1953.92	25.60	0.00082
600.00	1958.51	25.60	0.00082
601.00	1963.11	25.60	0.00082
602.00	1967.71	25.60	0.00081
603.00	1972.31	25.60	0.00081
604.00	1976.92	25.60	0.00081
605.00	1981.52	25.60	0.00081
606.00	1986.13	25.60	0.00081
607.00	1990.74	25.60	0.00081
608.00	1995.36	25.60	0.00080
609.00	1999.97	25.60	0.00080
610.00	2004.59	25.60	0.00080
611.00	2009.21	25.60	0.00080
612.00	2013.83	25.60	0.00080
613.00	2018.46	25.60	0.00079
614.00	2023.09	25.60	0.00079
615.00	2027.72	25.60	0.00079
616.00	2032.35	25.60	0.00079
617.00	2036.98	25.60	0.00079
618.00	2041.62	25.60	0.00079
619.00	2046.26	25.60	0.00078
620.00	2050.90	25.60	0.00078
621.00	2055.54	25.60	0.00078
622.00	2060.19	25.60	0.00078
623.00	2064.83	25.60	0.00078
624.00	2069.48	25.60	0.00077
625.00	2074.13	25.60	0.00077
626.00	2078.79	25.60	0.00077
627.00	2083.44	25.60	0.00077
628.00	2088.10	25.60	0.00077
629.00	2092.76	25.60	0.00077
630.00	2097.42	25.60	0.00076
631.00	2102.09	25.60	0.00076
632.00	2106.76	25.60	0.00076
633.00	2111.43	25.60	0.00076
634.00	2116.10	25.70	0.00007
635.00	2120.77	25.70	0.00007
636.00	2125.44	25.70	0.00007
637.00	2130.12	25.70	0.00007
638.00	2134.80	25.70	0.00007
639.00	2139.48	25.70	0.00007
640.00	2144.17	25.70	0.00007
641.00	2148.85	25.70	0.00007
642.00	2153.54	25.70	0.00007
643.00	2158.23	25.70	0.00007
644.00	2162.92	25.70	0.00007
645.00	2167.62	25.70	0.00007
646.00	2172.31	25.70	0.00007
647.00	2177.01	25.70	0.00007
648.00	2181.71	25.70	0.00007
649.00	2186.41	25.70	0.00007
650.00	2191.12	25.70	0.00007
651.00	2195.82	25.70	0.00007
652.00	2200.53	25.70	0.00007
653.00	2205.24	25.70	0.00007
654.00	2209.96	25.70	0.00007
655.00	2214.67	25.70	0.00007
656.00	2219.39	25.70	0.00007
657.00	2224.10	25.70	0.00007
658.00	2228.82	25.70	0.00007
659.00	2233.55	25.70	0.00007
660.00	2238.27	25.70	0.00007
661.00	2243.00	25.70	0.00007
662.00	2247.72	25.70	0.00007
663.00	2252.45	25.70	0.00007
664.00	2257.19	25.70	0.00007
665.00	2261.92	25.70	0.00007
666.00	2266.66	25.70	0.00007
667.00	2271.39	25.70	0.00007
668.00	2276.13	25.70	0.00007
669.00	2280.88	25.70	0.00007
670.00	2285.62	25.70	0.00007
671.00	2290.36	25.70	0.00007
672.00	2295.11	25.70	0.00007
673.00	2299.86	25.70	0.00007
674.00	2304.61	25.70	0.00007
675.00	2309.36	25.70	0.00007
676.00	2314.12	25.70	0.00007
677.00	2318.88	25.70	0.00007
678.00	2323.63	25.60	0.00204
679.00	2328.39	25.60	0.00204
680.00	2333.16	25.60	0.00203
681.00	2337.92	25.60	0.00203
682.00	2342.69	25.60	0.00203
683.00	2347.45	25.60	0.00202
684.00	2352.22	25.60	0.00202
685.00	2356.99	25.60	0.00201
686.00	2361.77	25.60	0.00201
687.00	2366.54	25.60	0.00201
688.00	2371.32	25.60	0.00200
689.00	2376.10	25.60	0.00200
690.00	2380.88	25.60	0.00199
691.00	2385.66	25.60	0.00199
692.00	2390.44	25.60	0.00199
693.00	2395.23	25.60	0.00198
694.00	2400.01	25.60	0.00198
695.00	2404.80	25.60	0.00197
696.00	2409.59	25.60	0.00197
697.00	2414.39	25.60	0.00197
698.00	2419.18	25.60	0.00196
699.00	2423.98	25.60	0.00196
700.00	2428.77	25.60	0.00195
701.00	2433.57	25.60	0.00195
702.00	2438.37	25.60	0.00195
703.00	2443.18	25.60	0.00194
704.00	2447.98	25.60	0.00194
705.00	2452.79	25.60	0.00193
706.00	2457.59	25.60	0.00193
707.00	2462.40	25.60	0.00193
708.00	2467.21	25.60	0.00192
709.00	2472.03	25.60	0.00192
710.00	2476.84	25.60	0.00192
711.00	2481.66	25.60	0.00191
712.00	2486.48	25.60	0.00191
713.00	2491.29	25.60	0.00191
714.00	2496.12	25.60	0.00190
715.00	2500.94	25.60	0.00190
716.00	2505.76	25.60	0.00189
717.00	2510.59	25.60	0.00189
718.00	2515.41	25.60	0.00189
719.00	2520.24	25.70	0.00026
720.00	2525.07	25.70	0.00026
721.00	2529.91	25.70	0.00026
722.00	2534.74	25.70	0.00026
723.00	2539.58	25.70	0.00026
724.00	2544.41	25.70	0.00026
725.00	2549.25	25.70	0.00026
726.00	2554.09	25.70	0.00026
727.00	2558.93	25.70	0.00026
728.00	2563.77	25.70	0.00026
729.00	2568.62	25.70	0.00026
730.00	2573.47	25.70	0.00026
731.00	2578.31	25.70	0.00026
732.00	2583.16	25.70	0.00025
733.00	2588.01	25.70	0.00025
734.00	2592.86	25.70	0.00025
735.00	2597.72	25.70	0.00025
736.00	2602.57	25.70	0.00025
737.00	2607.43	25.70	0.00025
738.00	2612.29	25.70	0.00025
739.00	2617.15	25.70	0.00025
740.00	2622.01	25.70	0.00025
741.00	2626.87	25.70	0.00025
742.00	2631.74	25.70	0.00025
743.00	2636.60	25.70	0.00025
744.00	2641.47	25.70	0.00025
745.00	2646.34	25.70	0.00025
746.00	2651.21	25.70	0.00025
747.00	2656.08	25.70	0.00025
748.00	2660.95	25.70	0.00025
749.00	2665.82	25.70	0.00025
750.00	2670.70	25.70	0.00025
751.00	2675.58	25.70	0.00025
752.00	2680.45	25.70	0.00025
753.00	2685.33	25.70	0.00024
754.00	2690.21	25.70	0.00024
755.00	2695.10	25.70	0.00024
756.00	2699.98	25.70	0.00024
757.00	2704.87	25.70	0.00024
758.00	2709.75	25.70	0.00024
759.00	2714.64	25.70	0.00024
760.00	2719.53	25.70	0.00024
761.00	2724.42	25.70	0.00071
762.00	2729.31	25.70	0.00071
763.00	2734.21	25.70	0.00071
764.00	2739.10	25.70	0.00071
765.00	2744.00	25.70	0.00071
766.00	2748.89	25.70	0.00070
767.00	2753.79	25.70	0.00070
768.00	2758.69	25.70	0.00070
769.00	2763.59	25.70	0.00070
770.00	2768.50	25.70	0.00070
771.00	2773.40	25.70	0.00070
772.00	2778.30	25.70	0.00070
773.00	2783.21	25.70	0.00070
774.00	2788.12	25.70	0.00069
775.00	2793.03	25.70	0.00069
776.00	2797.94	25.70	0.00069
777.00	2802.85	25.70	0.00069
778.00	2807.76	25.70	0.00069
779.00	2812.68	25.70	0.00069
780.00	2817.59	25.70	0.00069
781.00	2822.51	25.70	0.00069
782.00	2827.42	25.70	0.00069
783.00	2832.34	25.70	0.00068
784.00	2837.26	25.70	0.00068
785.00	2842.18	25.70	0.00068
786.00	2847.11	25.70	0.00068
787.00	2852.03	25.70	0.00068
788.00	2856.96	25.70	0.00068
789.00	2861.88	25.70	0.00068
790.00	2866.81	25.70	0.00068
791.00	2871.74	25.70	0.00067
792.00	2876.67	25.70	0.00067
793.00	2881.60	25.70	0.00067
794.00	2886.53	25.70	0.00067
795.00	2891.46	25.70	0.00067
796.00	2896.40	25.70	0.00067
797.00	2901.33	25.70	0.00067
798.00	2906.27	25.70	0.00067
799.00	2911.21	25.70	0.00067
800.00	2916.14	25.70	0.00066
801.00	2921.08	25.60	0.00001
802.00	2926.03	25.60	0.00001
803.00	2930.97	25.60	0.00001
804.00	2935.91	25.60	0.00001
805.00	2940.85	25.60	0.00001
806.00	2945.80	25.60	0.00001
807.00	2950.75	25.60	0.00001
808.00	2955.69	25.60	0.00001
809.00	2960.64	25.60	0.00001
810.00	2965.59	25.60	0.00001
811.00	2970.54	25.60	0.00001
812.00	2975.49	25.60	0.00001
813.00	2980.45	25.60	0.00001
814.00	2985.40	25.60	0.00001
815.00	2990.36	25.60	0.00001
816.00	2995.31	25.60	0.00001
817.00	3000.27	25.60	0.00001
818.00	3005.23	25.60	0.00001
819.00	3010.19	25.60	0.00001
820.00	3015.15	25.60	0.00001
821.00	3020.11	25.60	0.00001
822.00	3025.07	25.60	0.00001
823.00	3030.03	25.60	0.00001
824.00	3035.00	25.60	0.00001
825.00	3039.96	25.60	0.00001
826.00	3044.93	25.60	0.00001
827.00	3049.89	25.60	0.00001
828.00	3054.86	25.60	0.00001
829.00	3059.83	25.60	0.00001
830.00	3064.80	25.60	0.00001
831.00	3069.77	25.60	0.00001
832.00	3074.74	25.60	0.00001
833.00	3079.72	25.60	0.00001
834.00	3084.69	25.60	0.00001
835.00	3089.66	25.60	0.00001
836.00	3094.64	25.60	0.00001
837.00	3099.62	25.60	0.00001
838.00	3104.59	25.60	0.00001
839.00	3109.57	25.60	0.00001
840.00	3114.55	25.60	0.00001
841.00	3119.53	25.60	0.00001
842.00	3124.51	25.70	0.00060
843.00	3129.49	25.70	0.00060
844.00	3134.48	25.70	0.00060
845.00	3139.46	25.70	0.00060
846.00	3144.44	25.70	0.00060
847.00	3149.43	25.70	0.00060
848.00	3154.41	25.70	0.00059
849.00	3159.40	25.70	0.00059
850.00	3164.39	25.70	0.00059
851.00	3169.38	25.70	0.00059
852.00	3174.37	25.70	0.00059
853.00	3179.36	25.70	0.00059
854.00	3184.35	25.70	0.00059
855.00	3189.34	25.70	0.00059
856.00	3194.33	25.70	0.00059
857.00	3199.33	25.70	0.00059
858.00	3204.32	25.70	0.00059
859.00	3209.32	25.70	0.00058
860.00	3214.31	25.70	0.00058
861.00	3219.31	25.70	0.00058
862.00	3224.31	25.70	0.00058
863.00	3229.30	25.70	0.00058
864.00	3234.30	25.70	0.00058
865.00	3239.30	25.70	0.00058
866.00	3244.30	25.70	0.00058
867.00	3249.30	25.70	0.00058
868.00	3254.31	25.70	0.00058
869.00	3259.31	25.70	0.00058
870.00	3264.31	25.70	0.00057
871.00	3269.32	25.70	0.00057
872.00	3274.32	25.70	0.00057
873.00	3279.33	25.70	0.00057
874.00	3284.33	25.70	0.00057
875.00	3289.34	25.70	0.00057
876.00	3294.35	25.70	0.00057
877.00	3299.36	25.70	0.00057
878.00	3304.37	25.70	0.00057
879.00	3309.38	25.70	0.00057
880.00	3314.39	25.70	0.00057
881.00	3319.40	25.70	0.00057
882.00	3324.41	25.70	0.00036
883.00	3329.42	25.70	0.00036
884.00	3334.43	25.70	0.00036
885.00	3339.45	25.70	0.00035
886.00	3344.46	25.70	0.00035
887.00	3349.48	25.70	0.00035
888.00	3354.49	25.70	0.00035
889.00	3359.51	25.70	0.00035
890.00	3364.53	25.70	0.00035
891.00	3369.54	25.70	0.00035
892.00	3374.56	25.70	0.00035
893.00	3379.58	25.70	0.00035
894.00	3384.60	25.70	0.00035
895.00	3389.62	25.70	0.00035
896.00	3394.64	25.70	0.00035
897.00	3399.66	25.70	0.00035
898.00	3404.68	25.70	0.00035
899.00	3409.71	25.70	0.00035
900.00	3414.73	25.70	0.00035
901.00	3419.75	25.70	0.00035
902.00	3424.78	25.70	0.00035
903.00	3429.80	25.70	0.00035
904.00	3434.83	25.70	0.00034
905.00	3439.85	25.70	0.00034
906.00	3444.88	25.70	0.00034
907.00	3449.90	25.70	0.00034
908.00	3454.93	25.70	0.00034
909.00	3459.96	25.70	0.00034
910.00	3464.99	25.70	0.00034
911.00	3470.02	25.70	0.00034
912.00	3475.05	25.70	0.00034
913.00	3480.08	25.70	0.00034
914.00	3485.11	25.70	0.00034
915.00	3490.14	25.70	0.00034
916.00	3495.17	25.70	0.00034
917.00	3500.20	25.70	0.00034
918.00	3505.23	25.70	0.00034
919.00	3510.26	25.70	0.00034
920.00	3515.30	25.70	0.00034
921.00	3520.33	25.70	0.00034
922.00	3525.36	25.60	0.00042
923.00	3530.40	25.60	0.00042
924.00	3535.43	25.60	0.00042
925.00	3540.47	25.60	0.00042
926.00	3545.51	25.60	0.00042
927.00	3550.54	25.60	0.00042
928.00	3555.58	25.60	0.00041
929.00	3560.61	25.60	0.00041
930.00	3565.65	25.60	0.00041
931.00	3570.69	25.60	0.00041
932.00	3575.73	25.60	0.00041
933.00	3580.77	25.60	0.00041
934.00	3585.81	25.60	0.00041
935.00	3590.85	25.60	0.00041
936.00	3595.88	25.60	0.00041
937.00	3600.92	25.60	0.00041
938.00	3605.97	25.60	0.00041
939.00	3611.01	25.60	0.00041
940.00	3616.05	25.60	0.00041
941.00	3621.09	25.60	0.00041
942.00	3626.13	25.60	0.00041
943.00	3631.17	25.60	0.00041
944.00	3636.22	25.60	0.00041
945.00	3641.26	25.60	0.00041
946.00	3646.30	25.60	0.00040
947.00	3651.34	25.60	0.00040
948.00	3656.39	25.60	0.00040
949.00	3661.43	25.60	0.00040
950.00	3666.48	25.60	0.00040
951.00	3671.52	25.60	0.00040
952.00	3676.57	25.60	0.00040
953.00	3681.61	25.60	0.00040
954.00	3686.66	25.60	0.00040
955.00	3691.70	25.60	0.00040
956.00	3696.75	25.60	0.00040
957.00	3701.79	25.60	0.00040
958.00	3706.84	25.60	0.00040
959.00	3711.89	25.60	0.00040
960.00	3716.94	25.60	0.00040
961.00	3721.98	25.60	0.00040
962.00	3727.03	25.70	0.00089
963.00	3732.08	25.70	0.00089
964.00	3737.13	25.70	0.00089
965.00	3742.17	25.70	0.00089
966.00	3747.22	25.70	0.00089
967.00	3752.27	25.70	0.00088
968.00	3757.32	25.70	0.00088
969.00	3762.37	25.70	0.00088
970.00	3767.42	25.70	0.00088
971.00	3772.47	25.70	0.00088
972.00	3777.52	25.70	0.00088
973.00	3782.57	25.70	0.00088
974.00	3787.62	25.70	0.00088
975.00	3792.67	25.70	0.00088
976.00	3797.72	25.70	0.00087
977.00	3802.77	25.70	0.00087
978.00	3807.82	25.70	0.00087
979.00	3812.87	25.70	0.00087
980.00	3817.92	25.70	0.00087
981.00	3822.97	25.70	0.00087
982.00	3828.02	25.70	0.00087
983.00	3833.07	25.70	0.00087
984.00	3838.12	25.70	0.00086
985.00	3843.17	25.70	0.00086
986.00	3848.22	25.70	0.00086
987.00	3853.28	25.70	0.00086
988.00	3858.33	25.70	0.00086
989.00	3863.38	25.70	0.00086
990.00	3868.43	25.70	0.00086
991.00	3873.48	25.70	0.00086
992.00	3878.54	25.70	0.00086
993.00	3883.59	25.70	0.00085
994.00	3888.64	25.70	0.00085
995.00	3893.69	25.70	0.00085
996.00	3898.74	25.70	0.00085
997.00	3903.80	25.70	0.00085
998.00	3908.85	25.70	0.00085
999.00	3913.90	25.70	0.00085
1000.00	3918.95	25.70	0.00085
1001.00	3924.00	25.60	0.00127
1002.00	3929.06	25.60	0.00127
1003.00	3934.11	25.60	0.00127
1004.00	3939.16	25.60	0.00126
1005.00	3944.21	25.60	0.00126
1006.00	3949.27	25.60	0.00126
1007.00	3954.32	25.60	0.00126
1008.00	3959.37	25.60	0.00126
1009.00	3964.42	25.60	0.00126
1010.00	3969.48	25.60	0.00125
1011.00	3974.53	25.60	0.00125
1012.00	3979.58	25.60	0.00125
1013.00	3984.63	25.60	0.00125
1014.00	3989.68	25.60	0.00125
1015.00	3994.74	25.60	0.00125
1016.00	3999.79	25.60	0.00125
1017.00	4004.84	25.60	0.00124
1018.00	4009.89	25.60	0.00124
1019.00	4014.94	25.60	0.00124
1020.00	4020.00	25.60	0.00124
1021.00	4025.05	25.60	0.00124
1022.00	4030.10	25.60	0.00124
1023.00	4035.15	25.60	0.00123
1024.00	4040.20	25.60	0.00123
1025.00	4045.25	25.60	0.00123
1026.00	4050.30	25.60	0.00123
1027.00	4055.35	25.60	0.00123
1028.00	4060.41	25.60	0.00123
1029.00	4065.46	25.60	0.00123
1030.00	4070.51	25.60	0.00122
1031.00	4075.56	25.60	0.00122
1032.00	4080.61	25.60	0.00122
1033.00	4085.66	25.60	0.00122
1034.00	4090.71	25.60	0.00122
1035.00	4095.76	25.60	0.00122
1036.00	4100.81	25.60	0.00121
1037.00	4105.86	25.60	0.00121
1038.00	4110.91	25.60	0.00121
1039.00	4115.96	25.60	0.00121
1040.00	4121.00	25.60	0.00121
1041.00	4126.05	25.60	0.00121
1042.00	4131.10	25.70	0.00034
1043.00	4136.15	25.70	0.00034
1044.00	4141.20	25.70	0.00034
1045.00	4146.25	25.70	0.00034
1046.00	4151.29	25.70	0.00034
1047.00	4156.34	25.70	0.00034
1048.00	4161.39	25.70	0.00033
1049.00	4166.44	25.70	0.00033
1050.00	4171.48	25.70	0.00033
1051.00	4176.53	25.70	0.00033
1052.00	4181.57	25.70	0.00033
1053.00	4186.62	25.70	0.00033
1054.00	4191.67	25.70	0.00033
1055.00	4196.71	25.70	0.00033
1056.00	4201.76	25.70	0.00033
1057.00	4206.80	25.70	0.00033
1058.00	4211.85	25.70	0.00033
1059.00	4216.89	25.70	0.00033
1060.00	4221.94	25.70	0.00033
1061.00	4226.98	25.70	0.00033
1062.00	4232.02	25.70	0.00033
1063.00	4237.07	25.70	0.00033
1064.00	4242.11	25.70	0.00033
1065.00	4247.15	25.70	0.00033
1066.00	4252.19	25.70	0.00033
1067.00	4257.23	25.70	0.00033
1068.00	4262.28	25.70	0.00033
1069.00	4267.32	25.70	0.00033
1070.00	4272.36	25.70	0.00033
1071.00	4277.40	25.70	0.00033
1072.00	4282.44	25.70	0.00033
1073.00	4287.48	25.70	0.00032
1074.00	4292.52	25.70	0.00032
1075.00	4297.56	25.70	0.00032
1076.00	4302.60	25.70	0.00032
1077.00	4307.63	25.70	0.00032
1078.00	4312.67	25.70	0.00032
1079.00	4317.71	25.70	0.00032
1080.00	4322.75	25.70	0.00032
1081.00	4327.78	25.70	0.00032
1082.00	4332.82	25.60	0.00024
1083.00	4337.85	25.60	0.00024
1084.00	4342.89	25.60	0.00024
1085.00	4347.92	25.60	0.00024
1086.00	4352.96	25.60	0.00024
1087.00	4357.99	25.60	0.00024
1088.00	4363.03	25.60	0.00024
1089.00	4368.06	25.60	0.00024
1090.00	4373.09	25.60	0.00024
1091.00	4378.12	25.60	0.00024
1092.00	4383.16	25.60	0.00024
1093.00	4388.19	25.60	0.00024
1094.00	4393.22	25.60	0.00024
1095.00	4398.25	25.60	0.00024
1096.00	4403.28	25.60	0.00024
1097.00	4408.31	25.60	0.00024
1098.00	4413.34	25.60	0.00024
1099.00	4418.36	25.60	0.00024
1100.00	4423.39	25.60	0.00024
1101.00	4428.42	25.60	0.00024
1102.00	4433.45	25.60	0.00024
1103.00	4438.47	25.60	0.00024
1104.00	4443.50	25.60	0.00024
1105.00	4448.52	25.60	0.00024
1106.00	4453.55	25.60	0.00024
1107.00	4458.57	25.60	0.00024
1108.00	4463.59	25.60	0.00024
1109.00	4468.62	25.60	0.00024
1110.00	4473.64	25.60	0.00024
1111.00	4478.66	25.60	0.00024
1112.00	4483.68	25.60	0.00023
1113.00	4488.70	25.60	0.00023
1114.00	4493.72	25.60	0.00023
1115.00	4498.74	25.60	0.00023
1116.00	4503.76	25.60	0.00023
1117.00	4508.78	25.60	0.00023
1118.00	4513.80	25.60	0.00023
1119.00	4518.81	25.60	0.00023
1120.00	4523.83	25.60	0.00023
1121.00	4528.85	25.60	0.00023
1122.00	4533.86	25.60	0.00006
1123.00	4538.88	25.60	0.00006
1124.00	4543.89	25.60	0.00006
1125.00	4548.90	25.60	0.00006
1126.00	4553.91	25.60	0.00006
1127.00	4558.93	25.60	0.00006
1128.00	4563.94	25.60	0.00006
1129.00	4568.95	25.60	0.00006
1130.00	4573.96	25.60	0.00006
1131.00	4578.97	25.60	0.00006
1132.00	4583.98	25.60	0.00006
1133.00	4588.98	25.60	0.00006
1134.00	4593.99	25.60	0.00006
1135.00	4599.00	25.60	0.00006
1136.00	4604.00	25.60	0.00006
1137.00	4609.01	25.60	0.00006
1138.00	4614.01	25.60	0.00006
1139.00	4619.01	25.60	0.00006
1140.00	4624.02	25.60	0.00006
1141.00	4629.02	25.60	0.00006
1142.00	4634.02	25.60	0.00006
1143.00	4639.02	25.60	0.00006
1144.00	4644.02	25.60	0.00006
1145.00	4649.02	25.60	0.00006
1146.00	4654.02	25.60	0.00006
1147.00	4659.02	25.60	0.00006
1148.00	4664.01	25.60	0.00006
1149.00	4669.01	25.60	0.00006
1150.00	4674.00	25.60	0.00006
1151.00	4679.00	25.60	0.00006
1152.00	4683.99	25.60	0.00006
1153.00	4688.98	25.60	0.00006
1154.00	4693.98	25.60	0.00006
1155.00	4698.97	25.60	0.00006
1156.00	4703.96	25.60	0.00006
1157.00	4708.95	25.60	0.00006
1158.00	4713.93	25.60	0.00006
1159.00	4718.92	25.60	0.00006
1160.00	4723.91	25.60	0.00006
1161.00	4728.90	25.60	0.00006
1162.00	4733.88	25.60	0.00041
1163.00	4738.86	25.60	0.00041
1164.00	4743.85	25.60	0.00041
1165.00	4748.83	25.60	0.00041
1166.00	4753.81	25.60	0.00041
1167.00	4758.79	25.60	0.00041
1168.00	4763.77	25.60	0.00041
1169.00	4768.75	25.60	0.00041
1170.00	4773.73	25.60	0.00041
1171.00	4778.71	25.60	0.00041
1172.00	4783.68	25.60	0.00041
1173.00	4788.66	25.60	0.00041
1174.00	4793.63	25.60	0.00041
1175.00	4798.61	25.60	0.00041
1176.00	4803.58	25.60	0.00041
1177.00	4808.55	25.60	0.00041
1178.00	4813.52	25.60	0.00041
1179.00	4818.49	25.60	0.00041
1180.00	4823.46	25.60	0.00041
1181.00	4828.43	25.60	0.00040
1182.00	4833.40	25.60	0.00040
1183.00	4838.36	25.60	0.00040
1184.00	4843.33	25.60	0.00040
1185.00	4848.29	25.60	0.00040
1186.00	4853.25	25.60	0.00040
1187.00	4858.22	25.60	0.00040
1188.00	4863.18	25.60	0.00040
1189.00	4868.14	25.60	0.00040
1190.00	4873.10	25.60	0.00040
1191.00	4878.05	25.60	0.00040
1192.00	4883.01	25.60	0.00040
1193.00	4887.97	25.60	0.00040
1194.00	4892.92	25.60	0.00040
1195.00	4897.88	25.60	0.00040
1196.00	4902.83	25.60	0.00040
1197.00	4907.78	25.60	0.00040
1198.00	4912.73	25.60	0.00040
1199.00	4917.68	25.60	0.00040
1200.00	4922.63	25.60	0.00040
1201.00	4927.58	25.60	0.00040
1202.00	4932.52	25.70	0.00051
1203.00	4937.47	25.70	0.00051
1204.00	4942.41	25.70	0.00051
1205.00	4947.36	25.70	0.00051
1206.00	4952.30	25.70	0.00051
1207.00	4957.24	25.70	0.00051
1208.00	4962.18	25.70	0.00051
1209.00	4967.12	25.70	0.00051
1210.00	4972.06	25.70	0.00051
1211.00	4976.99	25.70	0.00051
1212.00	4981.93	25.70	0.00051
1213.00	4986.86	25.70	0.00051
1214.00	4991.79	25.70	0.00051
1215.00	4996.73	25.70	0.00051
1216.00	5001.66	25.70	0.00051
1217.00	5006.59	25.70	0.00051
1218.00	5011.51	25.70	0.00051
1219.00	5016.44	25.70	0.00050
1220.00	5021.37	25.70	0.00050
1221.00	5026.29	25.70	0.00050
1222.00	5031.22	25.70	0.00050
1223.00	5036.14	25.70	0.00050
1224.00	5041.06	25.70	0.00050
1225.00	5045.98	25.70	0.00050
1226.00	5050.90	25.70	0.00050
1227.00	5055.82	25.70	0.00050
1228.00	5060.73	25.70	0.00050
1229.00	5065.65	25.70	0.00050
1230.00	5070.56	25.70	0.00050
1231.00	5075.47	25.70	0.00050
1232.00	5080.39	25.70	0.00050
1233.00	5085.30	25.70	0.00050
1234.00	5090.20	25.70	0.00050
1235.00	5095.11	25.70	0.00050
1236.00	5100.02	25.70	0.00050
1237.00	5104.92	25.70	0.00050
1238.00	5109.83	25.70	0.00050
1239.00	5114.73	25.70	0.00049
1240.00	5119.63	25.70	0.00049
1241.00	5124.53	25.70	0.00049
1242.00	5129.43	25.70	0.00049
1243.00	5134.33	25.60	0.00088
1244.00	5139.22	25.60	0.00088
1245.00	5144.12	25.60	0.00088
1246.00	5149.01	25.60	0.00088
1247.00	5153.90	25.60	0.00088
1248.00	5158.79	25.60	0.00087
1249.00	5163.68	25.60	0.00087
1250.00	5168.57	25.60	0.00087
1251.00	5173.46	25.60	0.00087
1252.00	5178.34	25.60	0.00087
1253.00	5183.23	25.60	0.00087
1254.00	5188.11	25.60	0.00087
1255.00	5192.99	25.60	0.00087
1256.00	5197.87	25.60	0.00087
1257.00	5202.75	25.60	0.00087
1258.00	5207.62	25.60	0.00087
1259.00	5212.50	25.60	0.00087
1260.00	5217.37	25.60	0.00086
1261.00	5222.25	25.60	0.00086
1262.00	5227.12	25.60	0.00086
1263.00	5231.99	25.60	0.00086
1264.00	5236.86	25.60	0.00086
1265.00	5241.72	25.60	0.00086
1266.00	5246.59	25.60	0.00086
1267.00	5251.45	25.60	0.00086
1268.00	5256.31	25.60	0.00086
1269.00	5261.18	25.60	0.00086
1270.00	5266.04	25.60	0.00086
1271.00	5270.89	25.60	0.00086
1272.00	5275.75	25.60	0.00085
1273.00	5280.61	25.60	0.00085
1274.00	5285.46	25.60	0.00085
1275.00	5290.31	25.60	0.00085
1276.00	5295.16	25.60	0.00085
1277.00	5300.01	25.60	0.00085
1278.00	5304.86	25.60	0.00085
1279.00	5309.70	25.60	0.00085
1280.00	5314.55	25.60	0.00085
1281.00	5319.39	25.60	0.00085
1282.00	5324.23	25.60	0.00085
1283.00	5329.07	25.60	0.00085
1284.00	5333.91	25.60	0.00085
1285.00	5338.75	25.60	0.00014
1286.00	5343.58	25.60	0.00014
1287.00	5348.42	25.60	0.00014
1288.00	5353.25	25.60	0.00014
1289.00	5358.08	25.60	0.00014
1290.00	5362.91	25.60	0.00014
1291.00	5367.74	25.60	0.00014
1292.00	5372.56	25.60	0.00014
1293.00	5377.39	25.60	0.00014
1294.00	5382.21	25.60	0.00014
1295.00	5387.03	25.60	0.00014
1296.00	5391.85	25.60	0.00014
1297.00	5396.67	25.60	0.00014
1298.00	5401.48	25.60	0.00014
1299.00	5406.30	25.60	0.00014
1300.00	5411.11	25.60	0.00014
1301.00	5415.92	25.60	0.00014
1302.00	5420.73	25.60	0.00014
1303.00	5425.54	25.60	0.00014
1304.00	5430.34	25.60	0.00014
1305.00	5435.15	25.60	0.00014
1306.00	5439.95	25.60	0.00014
1307.00	5444.75	25.60	0.00014
1308.00	5449.55	25.60	0.00014
1309.00	5454.35	25.60	0.00014
1310.00	5459.14	25.60	0.00014
1311.00	5463.94	25.60	0.00014
1312.00	5468.73	25.60	0.00014
1313.00	5473.52	25.60	0.00014
1314.00	5478.31	25.60	0.00014
1315.00	5483.10	25.60	0.00014
1316.00	5487.88	25.60	0.00014
1317.00	5492.67	25.60	0.00014
1318.00	5497.45	25.60	0.00014
1319.00	5502.23	25.60	0.00014
1320.00	5507.01	25.60	0.00014
1321.00	5511.78	25.60	0.00014
1322.00	5516.56	25.60	0.00014
1323.00	5521.33	25.60	0.00014
1324.00	5526.10	25.60	0.00014
1325.00	5530.87	25.60	0.00014
1326.00	5535.64	25.60	0.00014
1327.00	5540.40	25.60	0.00024
1328.00	5545.17	25.60	0.00024
1329.00	5549.93	25.60	0.00024
1330.00	5554.69	25.60	0.00024
1331.00	5559.45	25.60	0.00024
1332.00	5564.20	25.60	0.00024
1333.00	5568.96	25.60	0.00024
1334.00	5573.71	25.60	0.00024
1335.00	5578.46	25.60	0.00024
1336.00	5583.21	25.60	0.00024
1337.00	5587.96	25.60	0.00024
1338.00	5592.70	25.60	0.00024
1339.00	5597.45	25.60	0.00024
1340.00	5602.19	25.60	0.00024
1341.00	5606.93	25.60	0.00024
1342.00	5611.67	25.60	0.00024
1343.00	5616.40	25.60	0.00024
1344.00	5621.14	25.60	0.00024
1345.00	5625.87	25.60	0.00024
1346.00	5630.60	25.60	0.00024
1347.00	5635.33	25.60	0.00024
1348.00	5640.05	25.60	0.00024
1349.00	5644.78	25.60	0.00024
1350.00	5649.50	25.60	0.00024
1351.00	5654.22	25.60	0.00024
1352.00	5658.94	25.60	0.00024
1353.00	5663.65	25.60	0.00024
1354.00	5668.37	25.60	0.00024
1355.00	5673.08	25.60	0.00024
1356.00	5677.79	25.60	0.00024
1357.00	5682.50	25.60	0.00024
1358.00	5687.21	25.60	0.00024
1359.00	5691.91	25.60	0.00023
1360.00	5696.61	25.60	0.00023
1361.00	5701.31	25.60	0.00023
1362.00	5706.01	25.60	0.00023
1363.00	5710.71	25.60	0.00023
1364.00	5715.40	25.60	0.00023
1365.00	5720.09	25.60	0.00023
1366.00	5724.78	25.60	0.00023
1367.00	5729.47	25.60	0.00023
1368.00	5734.16	25.60	0.00023
1369.00	5738.84	25.60	0.00023
1370.00	5743.52	25.60	0.00020
1371.00	5748.20	25.60	0.00020
1372.00	5752.88	25.60	0.00020
1373.00	5757.55	25.60	0.00020
1374.00	5762.23	25.60	0.00020
1375.00	5766.90	25.60	0.00020
1376.00	5771.57	25.60	0.00020
1377.00	5776.23	25.60	0.00020
1378.00	5780.90	25.60	0.00020
1379.00	5785.56	25.60	0.00020
1380.00	5790.22	25.60	0.00020
1381.00	5794.88	25.60	0.00020
1382.00	5799.54	25.60	0.00020
1383.00	5804.19	25.60	0.00020
1384.00	5808.84	25.60	0.00020
1385.00	5813.49	25.60	0.00020
1386.00	5818.14	25.60	0.00020
1387.00	5822.78	25.60	0.00020
1388.00	5827.43	25.60	0.00020
1389.00	5832.07	25.60	0.00020
1390.00	5836.71	25.60	0.00020
1391.00	5841.34	25.60	0.00020
1392.00	5845.98	25.60	0.00020
1393.00	5850.61	25.60	0.00020
1394.00	5855.24	25.60	0.00020
1395.00	5859.86	25.60	0.00020
1396.00	5864.49	25.60	0.00020
1397.00	5869.11	25.60	0.00020
1398.00	5873.73	25.60	0.00020
1399.00	5878.35	25.60	0.00020
1400.00	5882.97	25.60	0.00020
1401.00	5887.58	25.60	0.00020
1402.00	5892.19	25.60	0.00020
1403.00	5896.80	25.60	0.00020
1404.00	5901.41	25.60	0.00020
1405.00	5906.01	25.60	0.00019
1406.00	5910.61	25.60	0.00019
1407.00	5915.21	25.60	0.00019
1408.00	5919.81	25.60	0.00019
1409.00	5924.41	25.60	0.00019
1410.00	5929.00	25.60	0.00019
1411.00	5933.59	25.60	0.00019
1412.00	5938.18	25.60	0.00019
1413.00	5942.76	25.60	0.00012
1414.00	5947.35	25.60	0.00012
1415.00	5951.93	25.60	0.00012
1416.00	5956.50	25.60	0.00012
1417.00	5961.08	25.60	0.00012
1418.00	5965.65	25.60	0.00012
1419.00	5970.22	25.60	0.00012
1420.00	5974.79	25.60	0.00012
1421.00	5979.36	25.60	0.00012
1422.00	5983.92	25.60	0.00012
1423.00	5988.49	25.60	0.00012
1424.00	5993.04	25.60	0.00012
1425.00	5997.60	25.60	0.00012
1426.00	6002.15	25.60	0.00012
1427.00	6006.71	25.60	0.00012
1428.00	6011.26	25.60	0.00012
1429.00	6015.80	25.60	0.00012
1430.00	6020.35	25.60	0.00012
1431.00	6024.89	25.60	0.00012
1432.00	6029.43	25.60	0.00012
1433.00	6033.96	25.60	0.00012
1434.00	6038.50	25.60	0.00012
1435.00	6043.03	25.60	0.00012
1436.00	6047.56	25.60	0.00012
1437.00	6052.08	25.60	0.00012
1438.00	6056.61	25.60	0.00012
1439.00	6061.13	25.60	0.00012
1440.00	6065.65	25.60	0.00012
1441.00	6070.16	25.60	0.00012
1442.00	6074.68	25.60	0.00012
1443.00	6079.19	25.60	0.00012
1444.00	6083.70	25.60	0.00012
1445.00	6088.20	25.60	0.00012
1446.00	6092.71	25.60	0.00012
1447.00	6097.21	25.60	0.00012
1448.00	6101.70	25.60	0.00012
1449.00	6106.20	25.60	0.00012
1450.00	6110.69	25.60	0.00012
1451.00	6115.18	25.60	0.00012
1452.00	6119.67	25.60	0.00012
1453.00	6124.16	25.60	0.00012
1454.00	6128.64	25.60	0.00012
1455.00	6133.12	25.60	0.00012
1456.00	6137.59	25.60	0.00012
1457.00	6142.07	25.60	0.00012
1458.00	6146.54	25.60	0.00004
1459.00	6151.01	25.60	0.00004
1460.00	6155.47	25.60	0.00004
1461.00	6159.94	25.60	0.00004
1462.00	6164.40	25.60	0.00004
1463.00	6168.86	25.60	0.00004
1464.00	6173.31	25.60	0.00004
1465.00	6177.76	25.60	0.00004
1466.00	6182.21	25.60	0.00004
1467.00	6186.66	25.60	0.00004
1468.00	6191.10	25.60	0.00004
1469.00	6195.54	25.60	0.00004
1470.00	6199.98	25.60	0.00004
1471.00	6204.42	25.60	0.00004
1472.00	6208.85	25.60	0.00004
1473.00	6213.28	25.60	0.00004
1474.00	6217.71	25.60	0.00004
1475.00	6222.13	25.60	0.00004
1476.00	6226.56	25.60	0.00004
1477.00	6230.97	25.60	0.00004
1478.00	6235.39	25.60	0.00004
1479.00	6239.80	25.60	0.00004
1480.00	6244.21	25.60	0.00004
1481.00	6248.62	25.60	0.00004
1482.00	6253.03	25.60	0.00004
1483.00	6257.43	25.60	0.00004
1484.00	6261.83	25.60	0.00004
1485.00	6266.22	25.60	0.00004
1486.00	6270.62	25.60	0.00004
1487.00	6275.01	25.60	0.00004
1488.00	6279.39	25.60	0.00004
1489.00	6283.78	25.60	0.00004
1490.00	6288.16	25.60	0.00004
1491.00	6292.54	25.60	0.00004
1492.00	6296.91	25.60	0.00004
1493.00	6301.28	25.60	0.00004
1494.00	6305.65	25.60	0.00004
1495.00	6310.02	25.60	0.00004
1496.00	6314.38	25.60	0.00004
1497.00	6318.74	25.60	0.00004
1498.00	6323.10	25.60	0.00004
1499.00	6327.46	25.60	0.00004
1500.00	6331.81	25.60	0.00004
1501.00	6336.16	25.60	0.00004
1502.00	6340.50	25.60	0.00004
1503.00	6344.85	25.60	0.00004
1504.00	6349.18	25.60	0.00004
1505.00	6353.52	25.60	0.00004
1506.00	6357.85	25.60	0.00004
1507.00	6362.18	25.60	0.00004
1508.00	6366.51	25.60	0.00004
1509.00	6370.84	25.60	0.00004
1510.00	6375.16	25.60	0.00004
1511.00	6379.48	25.60	0.00004
1512.00	6383.79	25.60	0.00004
1513.00	6388.10	25.60	0.00004
1514.00	6392.41	25.60	0.00004
1515.00	6396.72	25.60	0.00004
1516.00	6401.02	25.60	0.00004
1517.00	6405.32	25.60	0.00004
1518.00	6409.61	25.60	0.00004
1519.00	6413.91	25.60	0.00004
1520.00	6418.20	25.60	0.00004
1521.00	6422.48	25.60	0.00004
1522.00	6426.77	25.60	0.00004
1523.00	6431.05	25.60	0.00004
1524.00	6435.32	25.60	0.00004
1525.00	6439.60	25.60	0.00004
1526.00	6443.87	25.60	0.00004
1527.00	6448.14	25.60	0.00004
1528.00	6452.40	25.60	0.00004
1529.00	6456.66	25.60	0.00004
1530.00	6460.92	25.60	0.00004
1531.00	6465.17	25.60	0.00004
1532.00	6469.42	25.60	0.00004
1533.00	6473.67	25.60	0.00004
1534.00	6477.92	25.60	0.00004
1535.00	6482.16	25.60	0.00004
1536.00	6486.40	25.60	0.00004
1537.00	6490.63	25.60	0.00004
1538.00	6494.86	25.60	0.00004
1539.00	6499.09	25.60	0.00004
1540.00	6503.31	25.60	0.00004
1541.00	6507.54	25.60	0.00004
1542.00	6511.75	25.60	0.00004
1543.00	6515.97	25.60	0.00004
1544.00	6520.18	25.60	0.00004
1545.00	6524.39	25.60	0.00004
1546.00	6528.59	25.60	0.00004
1547.00	6532.79	25.60	0.00004
1548.00	6536.99	25.60	0.00004
1549.00	6541.18	25.60	0.00004
1550.00	6545.38	25.60	0.00004
1551.00	6549.56	25.60	0.00017
1552.00	6553.75	25.60	0.00017
1553.00	6557.93	25.60	0.00017
1554.00	6562.10	25.60	0.00017
1555.00	6566.28	25.60	0.00017
1556.00	6570.45	25.60	0.00017
1557.00	6574.62	25.60	0.00017
1558.00	6578.78	25.60	0.00017
1559.00	6582.94	25.60	0.00017
1560.00	6587.09	25.60	0.00017
1561.00	6591.25	25.60	0.00017
1562.00	6595.40	25.60	0.00017
1563.00	6599.54	25.60	0.00017
1564.00	6603.68	25.60	0.00017
1565.00	6607.82	25.60	0.00017
1566.00	6611.96	25.60	0.00017
1567.00	6616.09	25.60	0.00017
1568.00	6620.22	25.60	0.00017
1569.00	6624.34	25.60	0.00017
1570.00	6628.46	25.60	0.00017
1571.00	6632.58	25.60	0.00017
1572.00	6636.69	25.60	0.00017
1573.00	6640.80	25.60	0.00017
1574.00	6644.91	25.60	0.00017
1575.00	6649.01	25.60	0.00017
1576.00	6653.11	25.60	0.00017
1577.00	6657.21	25.60	0.00017
1578.00	6661.30	25.60	0.00017
1579.00	6665.39	25.60	0.00017
1580.00	6669.47	25.60	0.00017
1581.00	6673.55	25.60	0.00017
1582.00	6677.63	25.60	0.00017
1583.00	6681.70	25.60	0.00017
1584.00	6685.77	25.60	0.00017
1585.00	6689.84	25.60	0.00017
1586.00	6693.90	25.60	0.00017
1587.00	6697.96	25.60	0.00017
1588.00	6702.01	25.60	0.00017
1589.00	6706.06	25.60	0.00017
1590.00	6710.11	25.60	0.00017
1591.00	6714.15	25.60	0.00017
1592.00	6718.19	25.60	0.00017
1593.00	6722.23	25.60	0.00017
1594.00	6726.26	25.60	0.00017
1595.00	6730.29	25.60	0.00017
1596.00	6734.31	25.60	0.00017
1597.00	6738.33	25.60	0.00017
1598.00	6742.35	25.60	0.00017
1599.00	6746.36	25.60	0.00017
1600.00	6750.37	25.60	0.00012
1601.00	6754.37	25.60	0.00012
1602.00	6758.37	25.60	0.00012
1603.00	6762.37	25.60	0.00012
1604.00	6766.37	25.60	0.00012
1605.00	6770.35	25.60	0.00012
1606.00	6774.34	25.60	0.00012
1607.00	6778.32	25.60	0.00012
1608.00	6782.30	25.60	0.00012
1609.00	6786.27	25.60	0.00012
1610.00	6790.24	25.60	0.00012
1611.00	6794.21	25.60	0.00012
1612.00	6798.17	25.60	0.00012
1613.00	6802.13	25.60	0.00012
1614.00	6806.08	25.60	0.00012
1615.00	6810.03	25.60	0.00012
1616.00	6813.97	25.60	0.00012
1617.00	6817.92	25.60	0.00012
1618.00	6821.85	25.60	0.00012
1619.00	6825.79	25.60	0.00012
1620.00	6829.72	25.60	0.00012
1621.00	6833.64	25.60	0.00012
1622.00	6837.56	25.60	0.00012
1623.00	6841.48	25.60	0.00012
1624.00	6845.39	25.60	0.00012
1625.00	6849.30	25.60	0.00012
1626.00	6853.20	25.60	0.00012
1627.00	6857.11	25.60	0.00012
1628.00	6861.00	25.60	0.00012
1629.00	6864.89	25.60	0.00012
1630.00	6868.78	25.60	0.00012
1631.00	6872.67	25.60	0.00012
1632.00	6876.54	25.60	0.00012
1633.00	6880.42	25.60	0.00012
1634.00	6884.29	25.60	0.00012
1635.00	6888.16	25.60	0.00012
1636.00	6892.02	25.60	0.00012
1637.00	6895.88	25.60	0.00012
1638.00	6899.73	25.60	0.00012
1639.00	6903.58	25.60	0.00012
1640.00	6907.43	25.60	0.00012
1641.00	6911.27	25.60	0.00012
1642.00	6915.11	25.60	0.00012
1643.00	6918.94	25.60	0.00012
1644.00	6922.77	25.60	0.00012
1645.00	6926.59	25.60	0.00012
1646.00	6930.41	25.60	0.00012
1647.00	6934.23	25.60	0.00012
1648.00	6938.04	25.60	0.00012
1649.00	6941.85	25.60	0.00012
1650.00	6945.65	25.60	0.00012
1651.00	6949.45	25.60	0.00001
1652.00	6953.24	25.60	0.00001
1653.00	6957.03	25.60	0.00001
1654.00	6960.81	25.60	0.00001
1655.00	6964.59	25.60	0.00001
1656.00	6968.37	25.60	0.00001
1657.00	6972.14	25.60	0.00001
1658.00	6975.91	25.60	0.00001
1659.00	6979.67	25.60	0.00001
1660.00	6983.43	25.60	0.00001
1661.00	6987.18	25.60	0.00001
1662.00	6990.93	25.60	0.00001
1663.00	6994.68	25.60	0.00001
1664.00	6998.41	25.60	0.00001
1665.00	7002.15	25.60	0.00001
1666.00	7005.88	25.60	0.00001
1667.00	7009.61	25.60	0.00001
1668.00	7013.33	25.60	0.00001
1669.00	7017.04	25.60	0.00001
1670.00	7020.76	25.60	0.00001
1671.00	7024.46	25.60	0.00001
1672.00	7028.17	25.60	0.00001
1673.00	7031.87	25.60	0.00001
1674.00	7035.56	25.60	0.00001
1675.00	7039.25	25.60	0.00001
1676.00	7042.93	25.60	0.00001
1677.00	7046.61	25.60	0.00001
1678.00	7050.29	25.60	0.00001
1679.00	7053.96	25.60	0.00001
1680.00	7057.62	25.60	0.00001
1681.00	7061.28	25.60	0.00001
1682.00	7064.94	25.60	0.00001
1683.00	7068.59	25.60	0.00001
1684.00	7072.24	25.60	0.00001
1685.00	7075.88	25.60	0.00001
1686.00	7079.52	25.60	0.00001
1687.00	7083.15	25.60	0.00001
1688.00	7086.77	25.60	0.00001
1689.00	7090.40	25.60	0.00001
1690.00	7094.01	25.60	0.00001
1691.00	7097.63	25.60	0.00001
1692.00	7101.23	25.60	0.00001
1693.00	7104.84	25.60	0.00001
1694.00	7108.44	25.60	0.00001
1695.00	7112.03	25.60	0.00001
1696.00	7115.62	25.60	0.00001
1697.00	7119.20	25.60	0.00001
1698.00	7122.78	25.60	0.00001
1699.00	7126.35	25.60	0.00001
1700.00	7129.92	25.60	0.00001
1701.00	7133.48	25.60	0.00001
1702.00	7137.04	25.60	0.00001
1703.00	7140.59	25.60	0.00001
1704.00	7144.14	25.60	0.00001
1705.00	7147.68	25.60	0.00001
1706.00	7151.22	25.60	0.00011
1707.00	7154.76	25.60	0.00011
1708.00	7158.28	25.60	0.00011
1709.00	7161.81	25.60	0.00011
1710.00	7165.32	25.60	0.00011
1711.00	7168.84	25.60	0.00011
1712.00	7172.34	25.60	0.00011
1713.00	7175.85	25.60	0.00011
1714.00	7179.34	25.60	0.00011
1715.00	7182.83	25.60	0.00011
1716.00	7186.32	25.60	0.00011
1717.00	7189.80	25.60	0.00011
1718.00	7193.28	25.60	0.00011
1719.00	7196.75	25.60	0.00011
1720.00	7200.21	25.60	0.00011
1721.00	7203.67	25.60	0.00011
1722.00	7207.13	25.60	0.00011
1723.00	7210.58	25.60	0.00011
1724.00	7214.02	25.60	0.00011
1725.00	7217.46	25.60	0.00011
1726.00	7220.90	25.60	0.00011
1727.00	7224.33	25.60	0.00011
1728.00	7227.75	25.60	0.00011
1729.00	7231.17	25.60	0.00011
1730.00	7234.58	25.60	0.00011
1731.00	7237.98	25.60	0.00011
1732.00	7241.39	25.60	0.00011
1733.00	7244.78	25.60	0.00011
1734.00	7248.17	25.60	0.00011
1735.00	7251.56	25.60	0.00011
1736.00	7254.94	25.60	0.00011
1737.00	7258.31	25.60	0.00011
1738.00	7261.68	25.60	0.00011
1739.00	7265.04	25.60	0.00011
1740.00	7268.40	25.60	0.00011
1741.00	7271.75	25.60	0.00011
1742.00	7275.10	25.60	0.00011
1743.00	7278.44	25.60	0.00011
1744.00	7281.77	25.60	0.00011
1745.00	7285.10	25.60	0.00011
1746.00	7288.43	25.60	0.00011
1747.00	7291.74	25.60	0.00011
1748.00	7295.06	25.60	0.00011
1749.00	7298.36	25.60	0.00011
1750.00	7301.67	25.60	0.00011
1751.00	7304.96	25.60	0.00011
1752.00	7308.25	25.60	0.00011
1753.00	7311.53	25.60	0.00011
1754.00	7314.81	25.60	0.00011
1755.00	7318.08	25.60	0.00011
1756.00	7321.35	25.60	0.00011
1757.00	7324.61	25.60	0.00011
1758.00	7327.87	25.60	0.00011
1759.00	7331.11	25.60	0.00011
1760.00	7334.36	25.60	0.00011
1761.00	7337.59	25.60	0.00011
1762.00	7340.83	25.60	0.00011
1763.00	7344.05	25.60	0.00011
1764.00	7347.27	25.60	0.00011
1765.00	7350.48	25.60	0.00006
1766.00	7353.69	25.60	0.00006
1767.00	7356.89	25.60	0.00006
1768.00	7360.09	25.60	0.00006
1769.00	7363.28	25.60	0.00006
1770.00	7366.46	25.60	0.00006
1771.00	7369.64	25.60	0.00006
1772.00	7372.81	25.60	0.00006
1773.00	7375.97	25.60	0.00006
1774.00	7379.13	25.60	0.00006
1775.00	7382.28	25.60	0.00006
1776.00	7385.43	25.60	0.00006
1777.00	7388.57	25.60	0.00006
1778.00	7391.71	25.60	0.00006
1779.00	7394.83	25.60	0.00006
1780.00	7397.96	25.60	0.00006
1781.00	7401.07	25.60	0.00006
1782.00	7404.18	25.60	0.00006
1783.00	7407.28	25.60	0.00006
1784.00	7410.38	25.60	0.00006
1785.00	7413.47	25.60	0.00006
1786.00	7416.55	25.60	0.00006
1787.00	7419.63	25.60	0.00006
1788.00	7422.70	25.60	0.00006
1789.00	7425.77	25.60	0.00006
1790.00	7428.83	25.60	0.00006
1791.00	7431.88	25.60	0.00006
1792.00	7434.92	25.60	0.00006
1793.00	7437.96	25.60	0.00006
1794.00	7440.99	25.60	0.00006
1795.00	7444.02	25.60	0.00006
1796.00	7447.04	25.60	0.00006
1797.00	7450.05	25.60	0.00006
1798.00	7453.06	25.60	0.00006
1799.00	7456.06	25.60	0.00006
1800.00	7459.05	25.60	0.00006
1801.00	7462.04	25.60	0.00006
1802.00	7465.02	25.60	0.00006
1803.00	7467.99	25.60	0.00006
1804.00	7470.96	25.60	0.00006
1805.00	7473.92	25.60	0.00006
1806.00	7476.87	25.60	0.00006
1807.00	7479.81	25.60	0.00006
1808.00	7482.75	25.60	0.00006
1809.00	7485.69	25.60	0.00006
1810.00	7488.61	25.60	0.00006
1811.00	7491.53	25.60	0.00006
1812.00	7494.44	25.60	0.00006
1813.00	7497.35	25.60	0.00006
1814.00	7500.24	25.60	0.00006
1815.00	7503.14	25.60	0.00006
1816.00	7506.02	25.60	0.00006
1817.00	7508.90	25.60	0.00006
1818.00	7511.77	25.60	0.00006
1819.00	7514.63	25.60	0.00006
1820.00	7517.48	25.60	0.00006
1821.00	7520.33	25.60	0.00006
1822.00	7523.17	25.60	0.00006
1823.00	7526.01	25.60	0.00006
1824.00	7528.84	25.60	0.00006
1825.00	7531.66	25.60	0.00006
1826.00	7534.47	25.60	0.00006
1827.00	7537.27	25.60	0.00006
1828.00	7540.07	25.60	0.00006
1829.00	7542.86	25.60	0.00006
1830.00	7545.65	25.60	0.00006
1831.00	7548.42	25.60	0.00006
1832.00	7551.19	25.60	0.00006
1833.00	7553.95	25.60	0.00002
1834.00	7556.71	25.60	0.00002
1835.00	7559.45	25.60	0.00002
1836.00	7562.19	25.60	0.00002
1837.00	7564.92	25.60	0.00002
1838.00	7567.65	25.60	0.00002
1839.00	7570.36	25.60	0.00002
1840.00	7573.07	25.60	0.00002
1841.00	7575.77	25.60	0.00002
1842.00	7578.47	25.60	0.00002
1843.00	7581.15	25.60	0.00002
1844.00	7583.83	25.60	0.00002
1845.00	7586.50	25.60	0.00002
1846.00	7589.16	25.60	0.00002
1847.00	7591.82	25.60	0.00002
1848.00	7594.47	25.60	0.00002
1849.00	7597.11	25.60	0.00002
1850.00	7599.74	25.60	0.00002
1851.00	7602.36	25.60	0.00002
1852.00	7604.98	25.60	0.00002
1853.00	7607.58	25.60	0.00002
1854.00	7610.18	25.60	0.00002
1855.00	7612.77	25.60	0.00002
1856.00	7615.36	25.60	0.00002
1857.00	7617.93	25.60	0.00002
1858.00	7620.50	25.60	0.00002
1859.00	7623.06	25.60	0.00002
1860.00	7625.61	25.60	0.00002
1861.00	7628.15	25.60	0.00002
1862.00	7630.68	25.60	0.00002
1863.00	7633.21	25.60	0.00002
1864.00	7635.73	25.60	0.00002
1865.00	7638.24	25.60	0.00002
1866.00	7640.74	25.60	0.00002
1867.00	7643.23	25.60	0.00002
1868.00	7645.71	25.60	0.00002
1869.00	7648.19	25.60	0.00002
1870.00	7650.65	25.60	0.00002
1871.00	7653.11	25.60	0.00010
1872.00	7655.56	25.60	0.00010
1873.00	7658.00	25.60	0.00010
1874.00	7660.44	25.60	0.00010
1875.00	7662.86	25.60	0.00010
1876.00	7665.27	25.60	0.00010
1877.00	7667.68	25.60	0.00010
1878.00	7670.08	25.60	0.00010
1879.00	7672.46	25.60	0.00010
1880.00	7674.84	25.60	0.00010
1881.00	7677.21	25.60	0.00010
1882.00	7679.57	25.60	0.00010
1883.00	7681.93	25.60	0.00010
1884.00	7684.27	25.60	0.00010
1885.00	7686.60	25.60	0.00010
1886.00	7688.93	25.60	0.00010
1887.00	7691.24	25.60	0.00010
1888.00	7693.55	25.60	0.00010
1889.00	7695.85	25.60	0.00010
1890.00	7698.13	25.60	0.00010
1891.00	7700.41	25.60	0.00010
1892.00	7702.68	25.60	0.00010
1893.00	7704.94	25.60	0.00010
1894.00	7707.19	25.60	0.00010
1895.00	7709.43	25.60	0.00010
1896.00	7711.66	25.60	0.00010
1897.00	7713.88	25.60	0.00010
1898.00	7716.09	25.60	0.00010
1899.00	7718.29	25.60	0.00010
1900.00	7720.48	25.60	0.00010
1901.00	7722.67	25.60	0.00010
1902.00	7724.84	25.60	0.00010
1903.00	7727.00	25.60	0.00010
1904.00	7729.15	25.60	0.00010
1905.00	7731.29	25.60	0.00010
1906.00	7733.42	25.60	0.00010
1907.00	7735.54	25.60	0.00010
1908.00	7737.66	25.60	0.00010
1909.00	7739.76	25.60	0.00010
1910.00	7741.85	25.60	0.00010
1911.00	7743.93	25.60	0.00010
1912.00	7745.99	25.60	0.00010
1913.00	7748.05	25.60	0.00010
1914.00	7750.10	25.60	0.00010
1915.00	7752.14	25.60	0.00010
1916.00	7754.17	25.60	0.00010
1917.00	7756.18	25.60	0.00014
1918.00	7758.19	25.60	0.00014
1919.00	7760.18	25.60	0.00014
1920.00	7762.16	25.60	0.00014
1921.00	7764.14	25.60	0.00014
1922.00	7766.10	25.60	0.00014
1923.00	7768.05	25.60	0.00014
1924.00	7769.99	25.60	0.00014
1925.00	7771.91	25.60	0.00014
1926.00	7773.83	25.60	0.00014
1927.00	7775.73	25.60	0.00014
1928.00	7777.62	25.60	0.00014
1929.00	7779.51	25.60	0.00014
1930.00	7781.37	25.60	0.00014
1931.00	7783.23	25.60	0.00014
1932.00	7785.08	25.60	0.00014
1933.00	7786.91	25.60	0.00014
1934.00	7788.73	25.60	0.00014
1935.00	7790.54	25.60	0.00014
1936.00	7792.34	25.60	0.00014
1937.00	7794.12	25.60	0.00014
1938.00	7795.90	25.60	0.00014
1939.00	7797.66	25.60	0.00014
1940.00	7799.40	25.60	0.00014
1941.00	7801.14	25.60	0.00014
1942.00	7802.86	25.60	0.00014
1943.00	7804.57	25.60	0.00014
1944.00	7806.26	25.60	0.00014
1945.00	7807.95	25.60	0.00014
1946.00	7809.62	25.60	0.00014
1947.00	7811.27	25.60	0.00014
1948.00	7812.92	25.60	0.00014
1949.00	7814.55	25.60	0.00014
1950.00	7816.16	25.60	0.00014
1951.00	7817.76	25.60	0.00014
1952.00	7819.35	25.60	0.00014
1953.00	7820.92	25.60	0.00014
1954.00	7822.48	25.60	0.00014
1955.00	7824.03	25.60	0.00014
1956.00	7825.56	25.60	0.00014
1957.00	7827.08	25.60	0.00014
1958.00	7828.58	25.60	0.00014
1959.00	7830.06	25.60	0.00014
1960.00	7831.53	25.60	0.00014
1961.00	7832.99	25.60	0.00014
1962.00	7834.43	25.60	0.00014
1963.00	7835.86	25.60	0.00014
1964.00	7837.27	25.60	0.00014
1965.00	7838.66	25.60	0.00014
1966.00	7840.04	25.60	0.00014
1967.00	7841.40	25.60	0.00014
1968.00	7842.74	25.60	0.00014
1969.00	7844.07	25.60	0.00014
1970.00	7845.38	25.60	0.00014
1971.00	7846.67	25.60	0.00014
1972.00	7847.95	25.60	0.00014
1973.00	7849.21	25.60	0.00014
1974.00	7850.45	25.60	0.00014
1975.00	7851.67	25.60	0.00014
1976.00	7852.88	25.60	0.00014
1977.00	7854.06	25.60	0.00014
1978.00	7855.23	25.60	0.00014
1979.00	7856.38	25.60	0.00014
1980.00	7857.50	25.60	0.00014
1981.00	7858.61	25.60	0.00014
1982.00	7859.70	25.60	0.00014
1983.00	7860.76	25.60	0.00014
1984.00	7861.81	25.60	0.00014
1985.00	7862.83	25.60	0.00014
1986.00	7863.83	25.60	0.00014
1987.00	7864.81	25.60	0.00014
1988.00	7865.77	25.60	0.00014
1989.00	7866.70	25.60	0.00014
1990.00	7867.61	25.60	0.00014
1991.00	7868.49	25.60	0.00014
1992.00	7869.34	25.60	0.00014
1993.00	7870.17	25.60	0.00014
1994.00	7870.98	25.60	0.00014
1995.00	7871.75	25.60	0.00014
1996.00	7872.50	25.60	0.00014
1997.00	7873.21	25.60	0.00014
1998.00	7873.89	25.60	0.00014
1999.00	7874.54	25.60	0.00014
2000.00	7875.15	25.60	0.00014
2001.00	7875.73	25.60	0.00014
2002.00	7876.27	25.60	0.00014
2003.00	7876.76	25.60	0.00014
2004.00	7877.21	25.60	0.00014
2005.00	7877.60	25.60	0.00014
2006.00	7877.93	25.60	0.00014
2007.00	7878.18	25.60	0.00014
