100	163.00	122.72
101	161.78	121.80
102	160.59	120.91
103	159.44	120.04
104	158.31	119.19
105	157.21	118.36
106	156.15	117.56
107	155.11	116.78
108	154.10	116.02
109	153.12	115.28
110	152.17	114.56
111	151.24	113.87
112	150.35	113.20
113	149.49	112.55
114	148.65	111.92
115	147.84	111.31
116	147.06	110.72
117	146.31	110.15
118	145.58	109.61
119	144.89	109.08
120	144.22	108.58
121	143.58	108.10
122	142.97	107.64
123	142.38	107.20
124	141.83	106.78
125	141.30	106.38
126	140.80	106.00
127	140.32	105.65
128	139.87	105.31
129	139.45	104.99
130	139.06	104.69
131	138.69	104.42
132	138.35	104.16
133	138.04	103.93
134	137.75	103.71
135	137.49	103.51
136	137.25	103.34
137	137.05	103.18
138	136.86	103.04
139	136.71	102.92
140	136.58	102.83
141	136.47	102.75
142	136.39	102.69
143	136.34	102.65
144	136.31	102.63
145	136.31	102.63
146	136.34	102.65
147	136.39	102.68
148	136.46	102.74
149	136.56	102.81
150	136.68	102.91
151	136.83	103.02
152	137.01	103.15
153	137.21	103.30
154	137.43	103.47
155	137.68	103.66
156	137.95	103.86
157	138.25	104.08
158	138.57	104.33
159	138.91	104.59
160	139.28	104.86
161	139.68	105.16
162	140.09	105.47
163	140.53	105.81
164	141.00	106.16
165	141.49	106.52
166	142.00	106.91
167	142.54	107.31
168	143.10	107.73
169	143.68	108.17
170	144.28	108.63
171	144.91	109.10
172	145.56	109.59
173	146.24	110.10
174	146.94	110.63
175	147.66	111.17
176	148.40	111.73
177	149.16	112.30
178	149.95	112.90
179	150.76	113.51
180	151.60	114.13
181	152.45	114.78
182	153.33	115.44
183	154.23	116.12
184	155.15	116.81
185	156.09	117.52
186	157.06	118.25
187	158.04	118.99
188	159.05	119.75
189	160.08	120.52
190	161.13	121.31
191	162.21	122.12
192	163.30	122.95
193	164.42	123.79
194	165.55	124.64
195	166.71	125.51
196	167.89	126.40
197	169.09	127.30
198	170.31	128.22
199	171.55	129.16
200	172.81	130.11
201	174.09	131.07
202	175.40	132.05
203	176.72	133.05
204	178.06	134.06
205	179.43	135.09
206	180.81	136.13
207	182.22	137.19
208	183.64	138.26
209	185.09	139.35
210	186.55	140.45
211	188.03	141.57
212	189.54	142.70
213	191.06	143.85
214	192.60	145.01
215	194.16	146.18
216	195.75	147.37
217	197.35	148.58
218	198.97	149.80
219	200.61	151.03
220	202.26	152.28
221	203.94	153.54
222	205.64	154.82
223	207.35	156.11
224	209.09	157.42
225	210.84	158.74
226	212.61	160.07
227	214.40	161.42
228	216.21	162.78
229	218.04	164.16
230	219.88	165.54
231	221.74	166.95
232	223.63	168.36
233	225.52	169.79
234	227.44	171.24
235	229.38	172.69
236	231.33	174.17
237	233.30	175.65
238	235.29	177.15
239	237.30	178.66
240	239.32	180.18
241	241.36	181.72
242	243.42	183.27
243	245.50	184.83
244	247.59	186.41
245	249.70	188.00
246	251.83	189.60
247	253.98	191.21
248	256.14	192.84
249	258.32	194.48
250	260.51	196.14
251	262.73	197.80
252	264.96	199.48
253	267.20	201.17
254	269.46	202.88
255	271.74	204.59
256	274.04	206.32
257	276.35	208.06
258	278.68	209.81
259	281.02	211.58
260	283.38	213.36
261	285.76	215.15
262	288.15	216.95
263	290.56	218.76
264	292.99	220.59
265	295.43	222.42
266	297.88	224.27
267	300.36	226.13
268	302.84	228.01
269	305.35	229.89
270	307.87	231.79
271	310.40	233.70
272	312.95	235.61
273	315.51	237.55
274	318.09	239.49
275	320.69	241.44
276	323.30	243.41
277	325.92	245.38
278	328.56	247.37
279	331.22	249.37
280	333.89	251.38
281	336.57	253.40
282	339.27	255.43
283	341.99	257.48
284	344.72	259.53
285	347.46	261.60
286	350.22	263.67
287	352.99	265.76
288	355.78	267.86
289	358.58	269.97
290	361.39	272.09
291	364.22	274.22
292	367.06	276.36
293	369.92	278.51
294	372.79	280.67
295	375.68	282.84
296	378.57	285.02
297	381.49	287.22
298	384.41	289.42
299	387.35	291.63
300	390.31	293.85
301	393.27	296.09
302	396.25	298.33
303	399.25	300.59
304	402.25	302.85
305	405.27	305.12
306	408.31	307.41
307	411.35	309.70
308	414.41	312.01
309	417.49	314.32
310	420.57	316.64
311	423.67	318.98
312	426.78	321.32
313	429.91	323.67
314	433.04	326.03
315	436.19	328.40
316	439.36	330.78
317	442.53	333.18
318	445.72	335.58
319	448.92	337.98
320	452.13	340.40
321	455.36	114.05
322	458.59	114.87
323	461.84	115.68
324	465.10	116.50
325	468.38	117.32
326	471.66	118.14
327	474.96	118.97
328	478.27	119.79
329	481.59	90.52
330	484.93	91.15
331	488.27	91.77
332	491.63	92.40
333	495.00	93.04
334	498.38	93.67
335	501.77	94.31
336	505.17	94.95
337	508.59	95.59
338	512.01	96.24
339	515.45	96.88
340	518.90	97.53
341	522.36	98.18
342	525.83	98.83
343	529.31	99.49
344	532.81	100.14
345	536.31	100.80
346	539.83	101.46
347	543.35	102.13
348	546.89	102.79
349	550.44	103.46
350	554.00	104.13
351	557.57	83.86
352	561.15	84.39
353	564.74	84.93
354	568.34	85.48
355	571.95	86.02
356	575.57	86.56
357	579.21	87.11
358	582.85	87.66
359	586.50	88.21
360	590.17	88.76
361	593.84	89.31
362	597.53	89.87
363	601.22	90.42
364	604.92	90.98
365	608.64	91.54
366	612.36	92.10
367	616.10	92.66
368	619.84	93.22
369	623.60	93.79
370	627.36	94.35
371	631.13	94.92
372	634.92	79.59
373	638.71	80.07
374	642.51	80.54
375	646.32	81.02
376	650.15	81.50
377	653.98	81.98
378	657.82	82.46
379	661.67	82.94
380	665.52	83.43
381	669.39	83.91
382	673.27	84.40
383	677.16	84.88
384	681.05	85.37
385	684.96	85.86
386	688.87	86.35
387	692.79	86.85
388	696.73	87.34
389	700.67	87.83
390	704.62	88.33
391	708.57	88.82
392	712.54	89.32
393	716.52	77.00
394	720.50	77.43
395	724.49	77.86
396	728.50	78.29
397	732.51	78.72
398	736.52	79.15
399	740.55	79.58
400	744.59	80.02
401	748.63	80.45
402	752.68	80.89
403	756.74	81.32
404	760.81	81.76
405	764.89	82.20
406	768.97	82.64
407	773.07	83.08
408	777.17	83.52
409	781.28	83.96
410	785.39	84.40
411	789.52	84.85
412	793.65	85.29
413	797.79	75.03
414	801.94	75.42
415	806.10	75.81
416	810.26	76.21
417	814.43	76.60
418	818.61	76.99
419	822.80	77.38
420	826.99	77.78
421	831.20	78.17
422	835.41	78.57
423	839.62	78.97
424	843.85	79.36
425	848.08	79.76
426	852.32	80.16
427	856.57	80.56
428	860.82	80.96
429	865.08	81.36
430	869.35	81.76
431	873.62	82.16
432	877.91	82.57
433	882.20	82.97
434	886.49	83.38
435	890.80	83.78
436	895.11	84.19
437	899.42	75.21
438	903.75	75.57
439	908.08	75.93
440	912.42	76.29
441	916.76	76.66
442	921.11	77.02
443	925.47	77.38
444	929.83	77.75
445	934.21	78.11
446	938.58	78.48
447	942.97	78.85
448	947.36	79.21
449	951.76	79.58
450	956.16	79.95
451	960.57	80.32
452	964.99	80.69
453	969.41	81.06
454	973.84	81.43
455	978.27	81.80
456	982.72	82.17
457	987.16	82.54
458	991.62	74.63
459	996.08	74.97
460	1000.54	75.31
461	1005.02	75.64
462	1009.49	75.98
463	1013.98	76.32
464	1018.47	76.66
465	1022.96	76.99
466	1027.47	77.33
467	1031.97	77.67
468	1036.49	78.01
469	1041.01	78.35
470	1045.53	78.69
471	1050.06	79.03
472	1054.60	79.37
473	1059.14	79.72
474	1063.69	80.06
475	1068.24	80.40
476	1072.80	80.74
477	1077.36	73.73
478	1081.93	74.04
479	1086.51	74.35
480	1091.09	74.67
481	1095.68	74.98
482	1100.27	75.29
483	1104.86	75.61
484	1109.47	75.92
485	1114.07	76.24
486	1118.69	76.55
487	1123.30	76.87
488	1127.93	77.19
489	1132.56	77.50
490	1137.19	77.82
491	1141.83	78.14
492	1146.47	78.46
493	1151.12	78.77
494	1155.77	79.09
495	1160.43	79.41
496	1165.09	73.09
497	1169.76	73.39
498	1174.43	73.68
499	1179.11	73.97
500	1183.80	74.27
501	1188.48	74.56
502	1193.17	74.86
503	1197.87	75.15
504	1202.57	75.45
505	1207.28	75.74
506	1211.99	76.04
507	1216.71	76.33
508	1221.43	76.63
509	1226.15	76.93
510	1230.88	77.22
511	1235.61	77.52
512	1240.35	77.82
513	1245.10	78.11
514	1249.84	72.39
515	1254.59	72.66
516	1259.35	72.94
517	1264.11	73.22
518	1268.87	73.49
519	1273.64	73.77
520	1278.42	74.04
521	1283.19	74.32
522	1287.98	74.60
523	1292.76	74.87
524	1297.55	75.15
525	1302.34	75.43
526	1307.14	75.71
527	1311.94	75.99
528	1316.75	76.26
529	1321.56	76.54
530	1326.38	76.82
531	1331.19	77.10
532	1336.02	77.38
533	1340.84	77.66
534	1345.67	77.94
535	1350.51	72.64
536	1355.34	72.90
537	1360.19	73.16
538	1365.03	73.42
539	1369.88	73.68
540	1374.73	73.94
541	1379.59	74.21
542	1384.45	74.47
543	1389.31	74.73
544	1394.18	74.99
545	1399.05	75.25
546	1403.93	75.51
547	1408.81	75.78
548	1413.69	76.04
549	1418.57	76.30
550	1423.46	76.57
551	1428.36	76.83
552	1433.25	77.09
553	1438.15	77.36
554	1443.05	77.62
555	1447.96	72.70
556	1452.87	72.94
557	1457.78	73.19
558	1462.70	73.44
559	1467.62	73.69
560	1472.54	73.93
561	1477.47	74.18
562	1482.40	74.43
563	1487.33	74.67
564	1492.27	74.92
565	1497.21	75.17
566	1502.15	75.42
567	1507.09	75.67
568	1512.04	75.92
569	1516.99	76.16
570	1521.95	76.41
571	1526.91	76.66
572	1531.87	76.91
573	1536.83	72.34
574	1541.80	72.58
575	1546.77	72.81
576	1551.74	73.05
577	1556.72	73.28
578	1561.69	73.51
579	1566.68	73.75
580	1571.66	73.98
581	1576.65	74.22
582	1581.64	74.45
583	1586.63	74.69
584	1591.63	74.92
585	1596.63	75.16
586	1601.63	75.39
587	1606.63	75.63
588	1611.64	75.87
589	1616.65	76.10
590	1621.66	76.34
591	1626.67	76.57
592	1631.69	76.81
593	1636.71	77.05
594	1641.73	77.28
595	1646.76	77.52
596	1651.79	73.19
597	1656.82	73.41
598	1661.85	73.64
599	1666.88	73.86
600	1671.92	74.08
601	1676.96	74.31
602	1682.01	74.53
603	1687.05	74.75
604	1692.10	74.98
605	1697.15	75.20
606	1702.20	75.42
607	1707.26	75.65
608	1712.31	75.87
609	1717.37	76.10
610	1722.43	76.32
611	1727.50	76.54
612	1732.57	76.77
613	1737.63	76.99
614	1742.71	77.22
615	1747.78	77.44
616	1752.85	77.67
617	1757.93	77.89
618	1763.01	78.12
619	1768.09	78.34
620	1773.18	78.57
621	1778.26	78.79
622	1783.35	79.02
623	1788.44	74.85
624	1793.54	75.06
625	1798.63	75.28
626	1803.73	75.49
627	1808.83	75.70
628	1813.93	75.92
629	1819.03	76.13
630	1824.13	76.34
631	1829.24	76.56
632	1834.35	76.77
633	1839.46	76.99
634	1844.57	77.20
635	1849.69	77.41
636	1854.81	77.63
637	1859.92	77.84
638	1865.04	78.06
639	1870.17	78.27
640	1875.29	78.48
641	1880.42	78.70
642	1885.54	78.91
643	1890.67	79.13
644	1895.81	79.34
645	1900.94	79.56
646	1906.07	79.77
647	1911.21	79.99
648	1916.35	80.20
649	1921.49	76.19
650	1926.63	76.40
651	1931.77	76.60
652	1936.92	76.80
653	1942.07	77.01
654	1947.21	77.21
655	1952.37	77.42
656	1957.52	77.62
657	1962.67	77.83
658	1967.83	78.03
659	1972.98	78.23
660	1978.14	78.44
661	1983.30	78.64
662	1988.46	78.85
663	1993.62	79.05
664	1998.79	79.26
665	2003.96	79.46
666	2009.12	79.67
667	2014.29	79.87
668	2019.46	80.08
669	2024.63	80.28
670	2029.81	76.47
671	2034.98	76.66
672	2040.16	76.86
673	2045.34	77.05
674	2050.52	77.25
675	2055.70	77.44
676	2060.88	77.64
677	2066.06	77.83
678	2071.25	78.03
679	2076.43	78.23
680	2081.62	78.42
681	2086.81	78.62
682	2092.00	78.81
683	2097.19	79.01
684	2102.38	79.20
685	2107.58	79.40
686	2112.77	79.59
687	2117.97	79.79
688	2123.17	79.99
689	2128.37	76.37
690	2133.57	76.56
691	2138.77	76.74
692	2143.97	76.93
693	2149.17	77.12
694	2154.38	77.30
695	2159.58	77.49
696	2164.79	77.68
697	2170.00	77.86
698	2175.21	78.05
699	2180.42	78.24
700	2185.63	78.42
701	2190.85	78.61
702	2196.06	78.80
703	2201.28	78.98
704	2206.49	79.17
705	2211.71	79.36
706	2216.93	79.55
707	2222.15	79.73
708	2227.37	76.29
709	2232.59	76.47
710	2237.81	76.65
711	2243.04	76.83
712	2248.26	77.01
713	2253.49	77.19
714	2258.71	77.37
715	2263.94	77.55
716	2269.17	77.73
717	2274.40	77.90
718	2279.63	78.08
719	2284.86	78.26
720	2290.10	78.44
721	2295.33	78.62
722	2300.56	78.80
723	2305.80	78.98
724	2311.04	79.16
725	2316.27	79.34
726	2321.51	79.52
727	2326.75	79.70
728	2331.99	76.41
729	2337.23	76.58
730	2342.47	76.75
731	2347.71	76.92
732	2352.96	77.10
733	2358.20	77.27
734	2363.45	77.44
735	2368.69	77.61
736	2373.94	77.78
737	2379.19	77.96
738	2384.44	78.13
739	2389.68	78.30
740	2394.93	78.47
741	2400.18	78.64
742	2405.44	78.82
743	2410.69	78.99
744	2415.94	79.16
745	2421.19	79.33
746	2426.45	79.50
747	2431.70	76.36
748	2436.96	76.53
749	2442.22	76.69
750	2447.47	76.86
751	2452.73	77.02
752	2457.99	77.19
753	2463.25	77.35
754	2468.51	77.52
755	2473.77	77.68
756	2479.03	77.85
757	2484.29	78.01
758	2489.55	78.18
759	2494.82	78.34
760	2500.08	78.51
761	2505.35	78.67
762	2510.61	78.84
763	2515.88	79.00
764	2521.14	79.17
765	2526.41	79.33
766	2531.68	79.50
767	2536.95	79.67
768	2542.21	76.64
769	2547.48	76.80
770	2552.75	76.96
771	2558.02	77.12
772	2563.30	77.28
773	2568.57	77.44
774	2573.84	77.60
775	2579.11	77.75
776	2584.38	77.91
777	2589.66	78.07
778	2594.93	78.23
779	2600.21	78.39
780	2605.48	78.55
781	2610.76	78.71
782	2616.03	75.84
783	2621.31	75.99
784	2626.59	76.14
785	2631.87	76.30
786	2637.14	76.45
787	2642.42	76.60
788	2647.70	76.76
789	2652.98	76.91
790	2658.26	77.06
791	2663.54	77.22
792	2668.82	77.37
793	2674.10	77.52
794	2679.39	77.67
795	2684.67	77.83
796	2689.95	77.98
797	2695.23	78.13
798	2700.52	78.29
799	2705.80	78.44
800	2711.09	78.59
801	2716.37	75.83
802	2721.66	75.98
803	2726.94	76.13
804	2732.23	76.28
805	2737.51	76.42
806	2742.80	76.57
807	2748.09	76.72
808	2753.37	76.87
809	2758.66	77.02
810	2763.95	77.16
811	2769.24	77.31
812	2774.53	77.46
813	2779.82	77.61
814	2785.10	77.75
815	2790.39	77.90
816	2795.68	78.05
817	2800.97	78.20
818	2806.27	78.34
819	2811.56	78.49
820	2816.85	78.64
821	2822.14	78.79
822	2827.43	78.94
823	2832.72	79.08
824	2838.02	76.41
825	2843.31	76.55
826	2848.60	76.69
827	2853.89	76.83
828	2859.19	76.98
829	2864.48	77.12
830	2869.78	77.26
831	2875.07	77.40
832	2880.36	77.55
833	2885.66	77.69
834	2890.95	77.83
835	2896.25	77.97
836	2901.55	78.12
837	2906.84	78.26
838	2912.14	78.40
839	2917.43	78.54
840	2922.73	78.69
841	2928.03	76.11
842	2933.32	76.25
843	2938.62	76.39
844	2943.92	76.53
845	2949.21	76.67
846	2954.51	76.80
847	2959.81	76.94
848	2965.11	77.08
849	2970.41	77.22
850	2975.70	77.35
851	2981.00	77.49
852	2986.30	77.63
853	2991.60	77.77
854	2996.90	77.90
855	3002.20	78.04
856	3007.50	78.18
857	3012.80	78.32
858	3018.10	78.46
859	3023.40	75.98
860	3028.70	76.11
861	3034.00	76.24
862	3039.30	76.38
863	3044.60	76.51
864	3049.90	76.64
865	3055.20	76.78
866	3060.50	76.91
867	3065.80	77.04
868	3071.10	77.18
869	3076.40	77.31
870	3081.70	77.44
871	3087.00	77.58
872	3092.30	77.71
873	3097.60	77.84
874	3102.91	77.98
875	3108.21	78.11
876	3113.51	78.24
877	3118.81	75.85
878	3124.11	75.98
879	3129.41	76.11
880	3134.72	76.24
881	3140.02	76.37
882	3145.32	76.50
883	3150.62	76.63
884	3155.92	76.75
885	3161.22	76.88
886	3166.53	77.01
887	3171.83	77.14
888	3177.13	77.27
889	3182.43	77.40
890	3187.74	77.53
891	3193.04	77.66
892	3198.34	77.79
893	3203.64	77.91
894	3208.94	75.61
895	3214.25	75.73
896	3219.55	75.86
897	3224.85	75.98
898	3230.15	76.11
899	3235.46	76.23
900	3240.76	76.36
901	3246.06	76.48
902	3251.36	76.61
903	3256.66	76.73
904	3261.97	76.86
905	3267.27	76.98
906	3272.57	77.11
907	3277.87	77.23
908	3283.17	77.36
909	3288.48	77.48
910	3293.78	77.61
911	3299.08	75.38
912	3304.38	75.50
913	3309.68	75.62
914	3314.98	75.75
915	3320.29	75.87
916	3325.59	75.99
917	3330.89	76.11
918	3336.19	76.23
919	3341.49	76.35
920	3346.79	76.47
921	3352.09	76.59
922	3357.39	76.71
923	3362.70	76.84
924	3368.00	76.96
925	3373.30	77.08
926	3378.60	77.20
927	3383.90	77.32
928	3389.20	75.17
929	3394.50	75.28
930	3399.80	75.40
931	3405.10	75.52
932	3410.40	75.64
933	3415.70	75.75
934	3421.00	75.87
935	3426.30	75.99
936	3431.60	76.11
937	3436.90	76.23
938	3442.19	76.34
939	3447.49	76.46
940	3452.79	76.58
941	3458.09	76.70
942	3463.39	76.81
943	3468.69	76.93
944	3473.99	77.05
945	3479.28	77.17
946	3484.58	77.28
947	3489.88	75.19
948	3495.18	75.31
949	3500.47	75.42
950	3505.77	75.54
951	3511.07	75.65
952	3516.36	75.76
953	3521.66	75.88
954	3526.96	75.99
955	3532.25	76.11
956	3537.55	76.22
957	3542.84	76.33
958	3548.14	76.45
959	3553.43	76.56
960	3558.73	76.68
961	3564.02	76.79
962	3569.32	76.90
963	3574.61	77.02
964	3579.90	77.13
965	3585.20	77.25
966	3590.49	75.22
967	3595.78	75.33
968	3601.07	75.44
969	3606.37	75.55
970	3611.66	75.66
971	3616.95	75.77
972	3622.24	75.88
973	3627.53	75.99
974	3632.82	76.10
975	3638.11	76.21
976	3643.40	76.32
977	3648.69	76.44
978	3653.98	76.55
979	3659.27	76.66
980	3664.56	76.77
981	3669.85	76.88
982	3675.14	76.99
983	3680.43	77.10
984	3685.71	77.21
985	3691.00	75.24
986	3696.29	75.34
987	3701.58	75.45
988	3706.86	75.56
989	3712.15	75.67
990	3717.43	75.78
991	3722.72	75.88
992	3728.00	75.99
993	3733.29	76.10
994	3738.57	76.21
995	3743.85	76.31
996	3749.14	76.42
997	3754.42	76.53
998	3759.70	76.64
999	3764.98	76.75
1000	3770.26	76.85
1001	3775.55	76.96
1002	3780.83	77.07
1003	3786.11	77.18
1004	3791.39	75.25
1005	3796.67	75.36
1006	3801.94	75.46
1007	3807.22	75.57
1008	3812.50	75.67
1009	3817.78	75.78
1010	3823.05	75.88
1011	3828.33	75.99
1012	3833.61	76.09
1013	3838.88	76.20
1014	3844.16	76.30
1015	3849.43	76.40
1016	3854.70	76.51
1017	3859.98	76.61
1018	3865.25	76.72
1019	3870.52	76.82
1020	3875.79	76.93
1021	3881.07	75.06
1022	3886.34	75.16
1023	3891.61	75.27
1024	3896.88	75.37
1025	3902.14	75.47
1026	3907.41	75.57
1027	3912.68	75.67
1028	3917.95	75.77
1029	3923.21	75.88
1030	3928.48	75.98
1031	3933.75	76.08
1032	3939.01	76.18
1033	3944.27	76.28
1034	3949.54	76.39
1035	3954.80	76.49
1036	3960.06	76.59
1037	3965.32	76.69
1038	3970.59	76.79
1039	3975.85	76.89
1040	3981.11	77.00
1041	3986.36	77.10
1042	3991.62	77.20
1043	3996.88	75.37
1044	4002.14	75.47
1045	4007.39	75.57
1046	4012.65	75.67
1047	4017.90	75.77
1048	4023.16	75.87
1049	4028.41	75.97
1050	4033.66	76.07
1051	4038.92	76.17
1052	4044.17	76.27
1053	4049.42	76.36
1054	4054.67	76.46
1055	4059.92	76.56
1056	4065.16	76.66
1057	4070.41	76.76
1058	4075.66	76.86
1059	4080.90	76.96
1060	4086.15	75.18
1061	4091.39	75.28
1062	4096.64	75.37
1063	4101.88	75.47
1064	4107.12	75.57
1065	4112.36	75.66
1066	4117.60	75.76
1067	4122.84	75.86
1068	4128.08	75.95
1069	4133.31	76.05
1070	4138.55	76.15
1071	4143.79	76.24
1072	4149.02	76.34
1073	4154.25	76.44
1074	4159.49	76.53
1075	4164.72	76.63
1076	4169.95	76.72
1077	4175.18	76.82
1078	4180.41	76.92
1079	4185.64	75.18
1080	4190.86	75.28
1081	4196.09	75.37
1082	4201.32	75.46
1083	4206.54	75.56
1084	4211.76	75.65
1085	4216.98	75.75
1086	4222.21	75.84
1087	4227.43	75.93
1088	4232.64	76.03
1089	4237.86	76.12
1090	4243.08	76.21
1091	4248.30	76.31
1092	4253.51	76.40
1093	4258.72	76.50
1094	4263.94	76.59
1095	4269.15	76.68
1096	4274.36	76.78
1097	4279.57	76.87
1098	4284.78	76.96
1099	4289.98	77.06
1100	4295.19	75.36
1101	4300.39	75.45
1102	4305.60	75.54
1103	4310.80	75.63
1104	4316.00	75.72
1105	4321.20	75.82
1106	4326.40	75.91
1107	4331.59	76.00
1108	4336.79	76.09
1109	4341.99	76.18
1110	4347.18	76.27
1111	4352.37	76.36
1112	4357.56	76.45
1113	4362.75	76.55
1114	4367.94	76.64
1115	4373.13	76.73
1116	4378.31	76.82
1117	4383.50	76.91
1118	4388.68	77.00
1119	4393.86	75.34
1120	4399.04	75.43
1121	4404.22	75.52
1122	4409.40	75.61
1123	4414.58	75.70
1124	4419.75	75.79
1125	4424.92	75.88
1126	4430.09	75.96
1127	4435.27	76.05
1128	4440.43	76.14
1129	4445.60	76.23
1130	4450.77	76.32
1131	4455.93	76.41
1132	4461.10	76.50
1133	4466.26	76.58
1134	4471.42	76.67
1135	4476.57	76.76
1136	4481.73	76.85
1137	4486.89	76.94
1138	4492.04	77.03
1139	4497.19	75.40
1140	4502.34	75.49
1141	4507.49	75.58
1142	4512.64	75.66
1143	4517.78	75.75
1144	4522.93	75.84
1145	4528.07	75.92
1146	4533.21	76.01
1147	4538.35	76.09
1148	4543.49	76.18
1149	4548.62	76.27
1150	4553.76	76.35
1151	4558.89	76.44
1152	4564.02	76.52
1153	4569.15	76.61
1154	4574.27	76.70
1155	4579.40	76.78
1156	4584.52	76.87
1157	4589.64	76.95
1158	4594.76	75.37
1159	4599.88	75.45
1160	4604.99	75.54
1161	4610.11	75.62
1162	4615.22	75.70
1163	4620.33	75.79
1164	4625.44	75.87
1165	4630.54	75.95
1166	4635.64	76.04
1167	4640.75	76.12
1168	4645.85	76.21
1169	4650.94	76.29
1170	4656.04	76.37
1171	4661.13	76.46
1172	4666.23	76.54
1173	4671.31	76.62
1174	4676.40	76.71
1175	4681.49	76.79
1176	4686.57	76.87
1177	4691.65	75.32
1178	4696.73	75.40
1179	4701.81	75.49
1180	4706.88	75.57
1181	4711.95	75.65
1182	4717.02	75.73
1183	4722.09	75.81
1184	4727.16	75.89
1185	4732.22	75.97
1186	4737.28	76.06
1187	4742.34	76.14
1188	4747.40	76.22
1189	4752.45	76.30
1190	4757.50	76.38
1191	4762.55	76.46
1192	4767.60	76.54
1193	4772.65	76.62
1194	4777.69	76.70
1195	4782.73	76.78
1196	4787.76	76.87
1197	4792.80	76.95
1198	4797.83	75.42
1199	4802.86	75.50
1200	4807.89	75.58
1201	4812.91	75.66
1202	4817.94	75.74
1203	4822.96	75.82
1204	4827.97	75.90
1205	4832.99	75.98
1206	4838.00	76.06
1207	4843.01	76.13
1208	4848.01	76.21
1209	4853.02	76.29
1210	4858.02	76.37
1211	4863.02	76.45
1212	4868.01	76.53
1213	4873.01	76.61
1214	4878.00	76.68
1215	4882.98	76.76
1216	4887.97	76.84
1217	4892.95	76.92
1218	4897.93	77.00
1219	4902.90	77.08
1220	4907.88	77.15
1221	4912.85	75.66
1222	4917.81	75.73
1223	4922.78	75.81
1224	4927.74	75.89
1225	4932.70	75.96
1226	4937.65	76.04
1227	4942.60	76.12
1228	4947.55	76.19
1229	4952.50	76.27
1230	4957.44	76.34
1231	4962.38	76.42
1232	4967.32	76.50
1233	4972.25	76.57
1234	4977.18	76.65
1235	4982.11	76.72
1236	4987.03	76.80
1237	4991.95	76.88
1238	4996.87	76.95
1239	5001.78	77.03
1240	5006.69	77.10
1241	5011.60	75.64
1242	5016.50	75.71
1243	5021.40	75.78
1244	5026.30	75.86
1245	5031.19	75.93
1246	5036.08	76.01
1247	5040.97	76.08
1248	5045.85	76.15
1249	5050.73	76.23
1250	5055.61	76.30
1251	5060.48	76.37
1252	5065.35	76.45
1253	5070.22	76.52
1254	5075.08	76.59
1255	5079.94	76.67
1256	5084.79	76.74
1257	5089.64	76.81
1258	5094.49	76.89
1259	5099.33	76.96
1260	5104.17	75.52
1261	5109.00	75.59
1262	5113.84	75.67
1263	5118.66	75.74
1264	5123.49	75.81
1265	5128.31	75.88
1266	5133.12	75.95
1267	5137.93	76.02
1268	5142.74	76.09
1269	5147.55	76.16
1270	5152.35	76.24
1271	5157.14	76.31
1272	5161.93	76.38
1273	5166.72	76.45
1274	5171.51	76.52
1275	5176.29	76.59
1276	5181.06	76.66
1277	5185.83	76.73
1278	5190.60	76.80
1279	5195.36	76.87
1280	5200.12	76.94
1281	5204.87	77.01
1282	5209.62	77.08
1283	5214.37	77.15
1284	5219.11	77.22
1285	5223.84	77.29
1286	5228.58	75.87
1287	5233.30	75.94
1288	5238.03	76.01
1289	5242.75	76.08
1290	5247.46	76.15
1291	5252.17	76.22
1292	5256.87	76.28
1293	5261.57	76.35
1294	5266.27	76.42
1295	5270.96	76.49
1296	5275.64	76.56
1297	5280.33	76.62
1298	5285.00	76.69
1299	5289.67	76.76
1300	5294.34	76.83
1301	5299.00	76.90
1302	5303.66	76.96
1303	5308.31	77.03
1304	5312.96	77.10
1305	5317.60	77.17
1306	5322.24	77.23
1307	5326.87	77.30
1308	5331.49	75.91
1309	5336.12	75.97
1310	5340.73	76.04
1311	5345.34	76.10
1312	5349.95	76.17
1313	5354.55	76.23
1314	5359.15	76.30
1315	5363.74	76.36
1316	5368.32	76.43
1317	5372.90	76.49
1318	5377.48	76.56
1319	5382.04	76.63
1320	5386.61	76.69
1321	5391.16	76.75
1322	5395.72	76.82
1323	5400.26	76.88
1324	5404.81	76.95
1325	5409.34	77.01
1326	5413.87	77.08
1327	5418.39	75.71
1328	5422.91	75.78
1329	5427.43	75.84
1330	5431.93	75.90
1331	5436.43	75.96
1332	5440.93	76.03
1333	5445.42	76.09
1334	5449.90	76.15
1335	5454.38	76.22
1336	5458.85	76.28
1337	5463.32	76.34
1338	5467.78	76.40
1339	5472.23	76.47
1340	5476.68	76.53
1341	5481.12	76.59
1342	5485.55	76.65
1343	5489.98	76.71
1344	5494.40	76.77
1345	5498.82	76.84
1346	5503.23	76.90
1347	5507.63	76.96
1348	5512.03	77.02
1349	5516.42	77.08
1350	5520.81	75.74
1351	5525.18	75.80
1352	5529.56	75.86
1353	5533.92	75.92
1354	5538.28	75.98
1355	5542.63	76.04
1356	5546.97	76.10
1357	5551.31	76.16
1358	5555.64	76.22
1359	5559.97	76.27
1360	5564.29	76.33
1361	5568.60	76.39
1362	5572.90	76.45
1363	5577.20	76.51
1364	5581.49	76.57
1365	5585.77	76.63
1366	5590.04	76.69
1367	5594.31	76.75
1368	5598.58	76.80
1369	5602.83	76.86
1370	5607.08	76.92
1371	5611.32	76.98
1372	5615.55	73.28
1373	5619.77	73.33
1374	5623.99	73.39
1375	5628.20	73.44
1376	5632.41	73.50
1377	5636.60	73.55
1378	5640.79	73.61
1379	5644.97	73.66
1380	5649.14	73.72
1381	5653.31	73.77
1382	5657.47	73.83
1383	5661.62	73.88
1384	5665.76	73.93
1385	5669.89	73.99
1386	5674.02	74.04
1387	5678.14	74.10
1388	5682.25	74.15
1389	5686.35	74.20
1390	5690.44	74.26
1391	5694.53	74.31
1392	5698.61	74.36
1393	5702.68	74.42
1394	5706.74	74.47
1395	5710.79	74.52
1396	5714.84	74.58
1397	5718.88	74.63
1398	5722.91	74.68
1399	5726.93	74.73
1400	5730.94	74.79
1401	5734.94	74.84
1402	5738.94	74.89
1403	5742.92	76.01
1404	5746.90	76.06
1405	5750.87	76.11
1406	5754.83	76.16
1407	5758.78	76.22
1408	5762.73	76.27
1409	5766.66	76.32
1410	5770.58	76.37
1411	5774.50	76.42
1412	5778.41	76.48
1413	5782.31	76.53
1414	5786.20	76.58
1415	5790.08	76.63
1416	5793.95	76.68
1417	5797.81	76.73
1418	5801.66	76.78
1419	5805.50	76.83
1420	5809.34	76.88
1421	5813.16	76.94
1422	5816.98	76.99
1423	5820.78	77.04
1424	5824.58	77.09
1425	5828.37	77.14
1426	5832.14	77.19
1427	5835.91	77.24
1428	5839.67	77.29
1429	5843.41	77.34
1430	5847.15	76.04
1431	5850.88	76.09
1432	5854.60	76.14
1433	5858.31	76.19
1434	5862.00	76.23
1435	5865.69	76.28
1436	5869.37	76.33
1437	5873.04	76.38
1438	5876.69	76.43
1439	5880.34	76.47
1440	5883.98	76.52
1441	5887.61	76.57
1442	5891.22	76.61
1443	5894.83	76.66
1444	5898.42	76.71
1445	5902.01	76.75
1446	5905.58	76.80
1447	5909.14	76.85
1448	5912.70	76.89
1449	5916.24	76.94
1450	5919.77	76.99
1451	5923.29	77.03
1452	5926.80	77.08
1453	5930.30	77.12
1454	5933.78	75.85
1455	5937.26	75.90
1456	5940.73	75.94
1457	5944.18	75.98
1458	5947.62	76.03
1459	5951.05	76.07
1460	5954.47	76.12
1461	5957.88	76.16
1462	5961.28	76.20
1463	5964.67	76.25
1464	5968.04	76.29
1465	5971.40	76.33
1466	5974.75	76.38
1467	5978.09	76.42
1468	5981.42	76.46
1469	5984.73	76.50
1470	5988.04	76.54
1471	5991.33	76.59
1472	5994.61	76.63
1473	5997.88	76.67
1474	6001.13	76.71
1475	6004.38	76.75
1476	6007.61	76.80
1477	6010.83	76.84
1478	6014.03	76.88
1479	6017.23	76.92
1480	6020.41	75.67
1481	6023.58	75.71
1482	6026.73	75.75
1483	6029.88	75.78
1484	6033.01	75.82
1485	6036.13	75.86
1486	6039.23	75.90
1487	6042.33	75.94
1488	6045.41	75.98
1489	6048.47	76.02
1490	6051.53	76.06
1491	6054.57	76.10
1492	6057.60	76.13
1493	6060.61	76.17
1494	6063.61	76.21
1495	6066.60	76.25
1496	6069.57	76.28
1497	6072.53	76.32
1498	6075.48	76.36
1499	6078.42	76.39
1500	6081.34	76.43
1501	6084.24	76.47
1502	6087.14	76.50
1503	6090.02	76.54
1504	6092.88	76.58
1505	6095.73	76.61
1506	6098.57	76.65
1507	6101.39	76.68
1508	6104.20	76.72
1509	6107.00	76.75
1510	6109.78	76.79
1511	6112.54	76.82
1512	6115.30	75.58
1513	6118.03	75.62
1514	6120.76	75.65
1515	6123.47	75.68
1516	6126.16	75.72
1517	6128.84	75.75
1518	6131.50	75.78
1519	6134.15	75.82
1520	6136.79	75.85
1521	6139.41	75.88
1522	6142.01	75.91
1523	6144.60	75.95
1524	6147.18	75.98
1525	6149.74	76.01
1526	6152.28	76.04
1527	6154.81	76.07
1528	6157.32	76.10
1529	6159.82	76.13
1530	6162.30	76.17
1531	6164.77	76.20
1532	6167.22	76.23
1533	6169.66	76.26
1534	6172.08	76.29
1535	6174.48	76.32
1536	6176.87	76.35
1537	6179.24	76.37
1538	6181.60	76.40
1539	6183.93	76.43
1540	6186.26	76.46
1541	6188.56	75.24
1542	6190.86	75.27
1543	6193.13	75.30
1544	6195.39	75.33
1545	6197.63	75.35
1546	6199.85	75.38
1547	6202.06	75.41
1548	6204.25	75.43
1549	6206.43	75.46
1550	6208.58	75.49
1551	6210.72	75.51
1552	6212.85	75.54
1553	6214.95	75.56
1554	6217.04	75.59
1555	6219.11	75.62
1556	6221.17	75.64
1557	6223.20	75.67
1558	6225.22	75.69
1559	6227.23	75.71
1560	6229.21	75.74
1561	6231.18	75.76
1562	6233.13	75.79
1563	6235.06	75.81
1564	6236.97	75.83
1565	6238.86	75.86
1566	6240.74	75.88
1567	6242.60	75.90
1568	6244.44	75.92
1569	6246.26	75.95
1570	6248.07	75.97
1571	6249.85	75.99
1572	6251.62	76.01
1573	6253.37	76.03
1574	6255.10	76.05
1575	6256.81	76.07
1576	6258.50	76.09
1577	6260.17	76.11
1578	6261.83	76.13
1579	6263.46	76.15
1580	6265.08	76.17
1581	6266.67	76.19
1582	6268.25	76.21
1583	6269.81	76.23
1584	6271.35	76.25
1585	6272.87	76.27
1586	6274.37	76.29
1587	6275.85	76.31
1588	6277.31	76.32
1589	6278.75	76.34
1590	6280.17	76.36
1591	6281.57	76.37
1592	6282.95	76.39
1593	6284.31	76.41
1594	6285.65	76.42
1595	6286.97	76.44
1596	6288.27	76.46
1597	6289.55	76.47
1598	6290.80	76.49
1599	6292.04	76.50
1600	6293.26	76.52
1601	6294.45	76.53
1602	6295.63	76.55
1603	6296.78	76.56
1604	6297.92	76.57
1605	6299.03	76.59
1606	6300.12	76.60
1607	6301.19	76.61
1608	6302.24	76.63
1609	6303.26	76.64
1610	6304.27	76.65
1611	6305.25	76.66
1612	6306.21	76.67
1613	6307.15	76.69
1614	6308.07	76.70
1615	6308.97	76.71
1616	6309.84	76.72
1617	6310.69	76.73
1618	6311.52	76.74
1619	6312.33	76.75
1620	6313.12	76.76
1621	6313.88	76.77
1622	6314.62	76.78
1623	6315.34	76.79
1624	6316.03	76.79
1625	6316.70	76.80
1626	6317.35	76.81
1627	6317.98	76.82
1628	6318.58	76.82