FF 01 FD 01 00 02 01 00 01 00 08 01 01 02 05 04 28 29 2A FC 30 30 39 35 FB FF 01 
FF 01 FD 01 00 02 01 00 01 00 08 01 01 02 05 04 28 29 2A FC 30 30 39 35 FB FF 01 
FF 01 FE FD 01 00 02 01 00 01 00 08 01 01 02 05 04 28 29 2A FC 30 30 39 35 FB 
FF 01 FE FF 01 FD 02 01 01 00 00 21 00 14 01 01 02 01 04 05 01 02 04 01 02 28 01 46 29 01 46 2A 01 14 FC 30 31 36 46 FB FD 02 01 01 00 00 80 00 0E 01 21 64 00 14 01 01 15 01 00 16 02 02 01 FC 30 31 35 46 FB 
FD 02 01 01 00 00 80 00 0E 01 21 64 00 14 01 02 15 01 00 16 02 02 01 FC 30 31 36 30 FB 
FD 02 01 01 00 00 80 00 0E 01 22 64 00 14 01 01 15 01 00 16 02 02 01 FC 30 31 36 30 FB 
FD 02 01 01 00 00 80 00 0E 01 22 64 00 14 01 02 15 01 00 16 02 02 01 FC 30 31 36 31 FB 
FE FD 01 00 02 01 00 01 00 08 01 01 02 05 04 28 29 2A FC 30 30 39 35 FB FF 01 

FD 02 01 01 00 00 21 00 14 01 01 02 01 04 05 01 02 04 01 02 28 01 46 29 01 46 2A 01 14 FC 30 31 36 46 FB FE 
FD 01 00 02 01 00 00 00 03 01 81 04 FC 30 30 38 44 FB FF 01 
FD 02 01 01 00 00 20 00 05 01 81 04 01 00 FC 30 30 42 30 FB FE FD 01 00 02 01 00 04 00 03 01 82 04 FC 30 30 39 32 FB 
FF 01 
FD 02 01 01 00 00 24 00 05 01 82 04 01 04 FC 30 30 42 39 FB FE 
FD 01 00 02 01 00 40 00 0D 06 61 00 00 00 01 11 02 04 03 00 16 35 FC 30 31 31 45 FB 
FD 01 00 02 01 00 40 00 0D 06 61 00 00 00 01 12 02 04 03 00 16 35 FC 30 31 31 46 FB 
FF 01 
FD 02 01 01 00 00 E0 00 0A 06 61 00 00 00 01 11 00 02 00 FC 30 31 36 39 FB 
FD 02 01 01 00 00 E0 00 0A 06 61 00 00 00 01 12 00 02 00 FC 30 31 36 41 FB FE 
FD 01 00 02 01 00 40 00 0D 06 61 00 00 00 02 11 02 04 03 00 16 35 FC 30 31 31 46 FB FD 01 00 02 01 00 40 00 0D 06 61 00 00 00 02 12 02 04 03 00 16 35 FC 30 31 32 30 FB FF 01 FD 02 01 01 00 00 E0 00 0A 06 61 00 00 00 02 11 00 02 00 FC 30 31 36 41 FB FD 02 01 01 00 00 E0 00 0A 06 61 00 00 00 02 12 00 02 00 FC 30 31 36 42 FB FE FD 01 00 02 01 00 00 00 06 02 21 11 14 15 16 FC 30 30 37 44 FB FF 01 FD 02 01 01 00 00 20 00 1E 02 21 11 14 07 0A 00 00 00 00 69 27 15 07 0A 00 00 00 00 91 38 16 07 0C 00 00 00 00 00 17 FC 30 32 35 41 FB FE FD 01 00 02 01 00 00 00 06 02 22 11 14 15 16 FC 30 30 37 45 FB FF 01 FD 02 01 01 00 00 20 00 1E 02 22 11 14 07 0A 00 00 12 20 90 58 15 07 0A 00 00 16 73 31 80 16 07 0C 00 00 00 00 11 68 FC 30 33 42 38 FB FE FD 01 00 02 01 00 40 00 05 01 21 D8 01 00 FC 30 31 34 34 FB FD 01 00 02 01 00 40 00 05 01 22 D8 01 00 FC 30 31 34 35 FB FF 01 FD 02 01 01 00 00 E0 00 05 01 21 00 D8 00 FC 30 31 45 33 FB FD 02 01 01 00 00 E0 00 05 01 22 00 D8 00 FC 30 31 45 34 FB FE FD 01 00 02 01 00 00 00 07 04 21 22 00 00 01 15 FC 30 30 36 38 FB FD 01 00 02 01 00 00 00 07 04 21 23 00 00 01 15 FC 30 30 36 39 FB FF 01 FD 02 01 01 00 00 20 00 0C 04 21 22 00 00 01 02 00 17 15 01 01 FC 30 30 41 38 FB FD 02 01 01 00 00 20 00 0C 04 21 23 00 00 01 02 AA AA 15 01 01 FC 30 31 45 36 FB FE FD 01 00 02 01 00 00 00 07 04 22 22 00 00 01 15 FC 30 30 36 39 FB FD 01 00 02 01 00 00 00 07 04 22 23 00 00 01 15 FC 30 30 36 41 FB FF 01 FD 02 01 01 00 00 20 00 0C 04 22 22 00 00 01 02 11 68 15 01 01 FC 30 31 30 42 FB FD 02 01 01 00 00 20 00 0C 04 22 23 00 00 01 02 01 83 15 01 01 FC 30 31 31 37 FB FE FF 01 FE FD 01 00 02 01 00 00 00 04 01 21 14 15 FC 30 30 35 33 FB FF 01 FD 02 01 01 00 00 20 00 08 01 21 14 01 02 15 01 00 FC 30 30 37 42 FB FE FD 01 00 02 01 00 00 00 04 01 22 14 15 FC 30 30 35 34 FB FF 01 FD 02 01 01 00 00 20 00 08 01 22 14 01 02 15 01 00 FC 30 30 37 43 FB FE FF 01 FE FD 01 00 02 01 00 00 00 04 01 21 14 15 FC 30 30 35 33 FB FF 01 FD 02 01 01 00 00 20 00 08 01 21 14 01 02 15 01 00 FC 30 30 37 42 FB FE FD 01 00 02 01 00 00 00 04 01 22 14 15 FC 30 30 35 34 FB FF 01 FD 02 01 01 00 00 20 00 08 01 22 14 01 02 15 01 00 FC 30 30 37 43 FB FE FD 01 00 02 01 00 40 00 04 01 21 3C 00 FC 30 30 41 36 FB FF 01 FD 02 01 01 00 00 E0 00 05 01 21 00 3C 00 FC 30 31 34 37 FB FD 02 01 01 00 00 80 00 0E 01 21 64 00 14 01 03 15 01 00 16 02 02 01 FC 30 31 36 31 FB FE FF 01 FE FD 01 00 02 01 00 00 00 04 01 21 14 15 FC 30 30 35 33 FB FF 01 FD 02 01 01 00 00 20 00 08 01 21 14 01 03 15 01 00 FC 30 30 37 43 FB FE FD 01 00 02 01 00 00 00 04 01 22 14 15 FC 30 30 35 34 FB FF 01 FD 02 01 01 00 00 20 00 08 01 22 14 01 02 15 01 00 FC 30 30 37 43 FB FE FD 01 00 02 01 00 40 00 04 01 22 3C 00 FC 30 30 41 37 FB FF 01 FD 02 01 01 00 00 E0 00 05 01 22 00 3C 00 FC 30 31 34 38 FB FD 02 01 01 00 00 80 00 0E 01 22 64 00 14 01 03 15 01 00 16 02 02 01 FC 30 31 36 32 FB FE FF 01 FE FD 01 00 02 01 00 00 00 04 01 21 14 15 FC 30 30 35 33 FB FF 01 FD 02 01 01 00 00 20 00 08 01 21 14 01 03 15 01 00 FC 30 30 37 43 FB FE FD 01 00 02 01 00 00 00 04 01 22 14 15 FC 30 30 35 34 FB FF 01 FD 02 01 01 00 00 20 00 08 01 22 14 01 03 15 01 00 FC 30 30 37 44 FB FE FF 01 FE FD 01 00 02 01 00 00 00 04 01 21 14 15 FC 30 30 35 33 FB FF 01 FD 02 01 01 00 00 20 00 08 01 21 14 01 03 15 01 00 FC 30 30 37 43 FB FE FD 01 00 02 01 00 00 00 04 01 22 14 15 FC 30 30 35 34 FB FF 01 FD 02 01 01 00 00 20 00 08 01 22 14 01 03 15 01 00 FC 30 30 37 44 FB FE FF 01 FE FD 01 00 02 01 00 00 00 04 01 21 14 15 FC 30 30 35 33 FB FF 01 FD 02 01 01 00 00 20 00 08 01 21 14 01 03 15 01 00 FC 30 30 37 43 FB FE FD 01 00 02 01 00 00 00 04 01 22 14 15 FC 30 30 35 34 FB FF 01 FD 02 01 01 00 00 20 00 08 01 22 14 01 03 15 01 00 FC 30 30 37 44 FB FE FF 01 FE FD 01 00 02 01 00 00 00 04 01 21 14 15 FC 30 30 35 33 FB FF 01 FD 02 01 01 00 00 20 00 08 01 21 14 01 03 15 01 00 FC 30 30 37 43 FB FE FD 01 00 02 01 00 00 00 04 01 22 14 15 FC 30 30 35 34 FB FF 01 FD 02 01 01 00 00 20 00 08 01 22 14 01 03 15 01 00 FC 30 30 37 44 FB FE FF 01 FE FD 01 00 02 01 00 00 00 04 01 21 14 15 FC 30 30 35 33 FB FF 01 FD 02 01 01 00 00 20 00 08 01 21 14 01 03 15 01 00 FC 30 30 37 43 FB FE FD 01 00 02 01 00 00 00 04 01 22 14 15 FC 30 30 35 34 FB FF 01 FD 02 01 01 00 00 20 00 08 01 22 14 01 03 15 01 00 FC 30 30 37 44 FB FE FF 01 FE FD 01 00 02 01 00 00 00 04 01 21 14 15 FC 30 30 35 33 FB FF 01 FD 02 01 01 00 00 20 00 08 01 21 14 01 03 15 01 00 FC 30 30 37 43 FB FE FD 01 00 02 01 00 00 00 04 01 22 14 15 FC 30 30 35 34 FB FF 01 FD 02 01 01 00 00 20 00 08 01 22 14 01 03 15 01 00 FC 30 30 37 44 FB FE FF 01 FE FD 01 00 02 01 00 00 00 04 01 21 14 15 FC 30 30 35 33 FB FF 01 FD 02 01 01 00 00 20 00 08 01 21 14 01 03 15 01 00 FC 30 30 37 43 FB FE FD 01 00 02 01 00 00 00 04 01 22 14 15 FC 30 30 35 34 FB FF 01 FD 02 01 01 00 00 20 00 08 01 22 14 01 03 15 01 00 FC 30 30 37 44 FB FE FF 01 FE FD 01 00 02 01 00 00 00 04 01 21 14 15 FC 30 30 35 33 FB FF 01 FD 02 01 01 00 00 20 00 08 01 21 14 01 03 15 01 00 FC 30 30 37 43 FB FE FD 01 00 02 01 00 00 00 04 01 22 14 15 FC 30 30 35 34 FB FF 01 FD 02 01 01 00 00 20 00 08 01 22 14 01 03 15 01 00 FC 30 30 37 44 FB FE 

