
2/7/2014 20:47:16.383 [RX] - FF 01 FE FD 01 00 02 01 00 00 00 04 01 21 14 15 FC 30 30 35 33 FB FF 01 FD 02 01 01 00 00 20 00 08 01 21 14 01 03 15 01 00 FC 30 30 37 43 FB FE FD 01 00 02 01 00 00 00 04 01 22 14 15 FC 30 30 35 34 FB FF 01 FD 02 01 01 00 00 20 00 08 01 22 14 01 03 15 01 00 FC 30 30 37 44 FB FE FF 01 FE FD 01 00 02 01 00 00 00 04 01 21 14 15 FC 30 30 35 33 FB FF 01 FD 02 01 01 00 00 20 00 08 01 21 14 01 03 15 01 00 FC 30 30 37 43 FB FE FD 01 00 02 01 00 00 00 04 01 22 14 15 FC 30 30 35 34 FB FF 01 FD 02 01 01 00 00 20 00 08 01 22 14 01 03 15 01 00 FC 30 30 37 44 FB FE FF 01 FE FD 01 00 02 01 00 00 00 04 01 21 14 15 FC 30 30 35 33 FB FF 01 FD 02 01 01 00 00 20 00 08 01 21 14 01 03 15 01 00 FC 30 30 37 43 FB FE FD 01 00 02 01 00 00 00 04 01 22 14 15 FC 30 30 35 34 FB FF 01 FD 02 01 01 00 00 20 00 08 01 22 14 F1 FF 01 FE FD 01 00 02 01 00 00 00 04 01 21 14 15 FC 30 30 35 33 FB FF 01 FD 02 01 01 00 00 20 00 08 01 21 14 01 03 15 01 00 FC 30 30 37 43 FB FE FD 01 00 02 01 00 00 00 04 01 22 14 15 FC 30 30 35 34 FB FF 01 FD 02 01 01 00 00 20 00 08 01 22 14 01 03 15 01 00 FC 30 30 37 44 FB FE FF 01 FE FD 01 00 02 01 00 00 00 04 01 
2/7/2014 20:47:24.583 [RX] - FF 01 FE FD 01 00 02 01 00 00 00 04 01 21 14 15 FC 30 30 35 33 FB FF 01 FD 02 01 01 00 00 20 00 08 01 21 14 01 03 15 01 00 FC 30 30 37 43 FB FE FD 01 00 02 01 00 00 00 04 01 22 14 15 FC 30 30 35 34 FB FF 01 FD 02 01 01 00 00 20 00 08 01 22 14 01 03 15 01 00 FC 30 30 37 44 FB FE 
2/7/2014 20:47:25.167 [TX] - FF 
2/7/2014 20:47:25.399 [RX] - FF 01 FE FD 01 00 02 01 00 00 00 04 01 21 14 15 FC 30 30 35 33 FB FF 01 FD 02 01 01 00 00 20 00 08 01 21 14 01 03 15 01 00 FC 30 30 37 43 FB FE FD 01 00 02 01 00 00 00 04 01 22 14 15 FC 30 30 35 34 FB FF 01 FD 02 01 01 00 00 20 00 08 01 22 14 01 03 15 01 00 FC 30 30 37 44 FB FE 
2/7/2014 20:47:25.937 [TX] - FF 
2/7/2014 20:47:26.230 [RX] - FF 01 FE FD 01 00 02 01 00 00 00 04 01 21 14 15 FC 30 30 35 33 FB FF 01 FD 02 01 01 00 00 20 00 08 01 21 14 01 03 15 01 00 FC 30 30 37 43 FB FE FD 01 00 02 01 00 00 00 04 01 22 14 15 FC 30 30 35 34 FB FF 01 FD 02 01 01 00 00 20 00 08 01 22 14 01 03 15 01 00 FC 30 30 37 44 FB FE 
2/7/2014 20:47:26.737 [TX] - FF 
2/7/2014 20:47:27.046 [RX] - FF 01 FE FD 01 00 02 01 00 00 00 04 01 21 14 15 FC 30 30 35 33 FB FF 01 FD 02 01 01 00 00 20 00 08 01 21 14 01 03 15 01 00 FC 30 30 37 43 FB FE FD 01 00 02 01 00 00 00 04 01 22 14 15 FC 30 30 35 34 FB FF 01 FD 02 01 01 00 00 20 00 08 01 22 14 01 03 15 01 00 FC 30 30 37 44 FB FE 
2/7/2014 20:47:27.609 [TX] - FF 
2/7/2014 20:47:27.861 [RX] - FF 01 FE FD 01 00 02 01 00 00 00 04 01 21 14 15 FC 30 30 35 33 FB FF 01 FD 02 01 01 00 00 20 00 08 01 21 14 01 03 15 01 00 FC 30 30 37 43 FB FE FD 01 00 02 01 00 00 00 04 01 22 14 15 FC 30 30 35 34 FB FF 01 FD 02 01 01 00 00 20 00 08 01 22 14 01 03 15 01 00 FC 30 30 37 44 FB FE 
2/7/2014 20:47:28.441 [TX] - FF 
2/7/2014 20:47:28.677 [RX] - FF 01 FE FD 01 00 02 01 00 00 00 04 01 21 14 15 FC 30 30 35 33 FB FF 01 FD 02 01 01 00 00 20 00 08 01 21 14 01 03 15 01 00 FC 30 30 37 43 FB FE FD 01 00 02 01 00 00 00 04 01 22 14 15 FC 30 30 35 34 FB FF 01 FD 02 01 01 00 00 20 00 08 01 22 14 01 03 15 01 00 FC 30 30 37 44 FB FE 
2/7/2014 20:47:29.265 [TX] - FF 
2/7/2014 20:47:29.509 [RX] - FF 01 FE FD 01 00 02 01 00 00 00 04 01 21 14 15 FC 30 30 35 33 FB FF 01 FD 02 01 01 00 00 20 00 08 01 21 14 01 03 15 01 00 FC 30 30 37 43 FB FE FD 01 00 02 01 00 00 00 04 01 22 14 15 FC 30 30 35 34 FB FF 01 FD 02 01 01 00 00 20 00 08 01 22 14 01 03 15 01 00 FC 30 30 37 44 FB FE 
2/7/2014 20:47:30.153 [TX] - FF 
2/7/2014 20:47:30.324 [RX] - FF 01 FE FD 01 00 02 01 00 00 00 04 01 21 14 15 FC 30 30 35 33 FB FF 01 FD 02 01 01 00 00 20 00 08 01 21 14 01 03 15 01 00 FC 30 30 37 43 FB FE FD 01 00 02 01 00 00 00 04 01 22 14 15 FC 30 30 35 34 FB FF 01 FD 02 01 01 00 00 20 00 08 01 22 14 01 03 15 01 00 FC 30 30 37 44 FB FE 
2/7/2014 20:47:31.040 [TX] - FF 
2/7/2014 20:47:31.140 [RX] - FF 01 FE FD 01 00 02 01 00 00 00 04 01 21 14 15 FC 30 30 35 33 FB FF 01 FD 02 01 01 00 00 20 00 08 01 21 14 01 03 15 01 00 FC 30 30 37 43 FB FD 02 01 01 00 00 80 00 0E 01 21 64 00 14 01 03 15 01 01 16 02 02 01 FC 30 31 36 32 FB FD 02 01 01 00 00 80 00 0E 01 21 64 00 14 01 04 15 01 01 16 02 02 01 FC 30 31 36 33 FB FE FD 01 00 02 01 00 00 00 04 01 22 14 15 FC 30 30 35 34 FB FF 01 FD 02 01 01 00 00 20 00 08 01 22 14 01 03 15 01 00 FC 30 30 37 44 FB FE 
2/7/2014 20:47:31.864 [TX] - FF 
2/7/2014 20:47:31.971 [RX] - FF 01 FE FD 01 00 02 01 00 00 00 04 01 21 14 15 FC 30 30 35 33 FB FF 01 FD 02 01 01 00 00 20 00 08 01 21 14 01 04 15 01 01 FC 30 30 37 45 FB FE FD 01 00 02 01 00 00 00 04 01 22 14 15 FC 30 30 35 34 FB FF 01 FD 02 01 01 00 00 20 00 08 01 22 14 01 03 15 01 00 FC 30 30 37 44 FB FE FD 01 00 02 01 00 40 00 0D 06 61 00 00 00 01 11 02 04 03 00 25 61 FC 30 31 35 39 FB 
2/7/2014 20:47:32.640 [TX] - FF 
2/7/2014 20:47:32.659 [RX] - FF 01 FD 02 01 01 00 00 E0 00 0A 06 61 00 00 00 01 11 00 02 00 FC 30 31 36 39 FB FE FD 01 00 02 01 00 40 00 0D 06 61 00 00 00 02 11 02 04 03 00 25 61 FC 30 31 35 41 FB FF 01 FD 02 01 01 00 00 E0 00 0A 06 61 00 00 00 02 11 00 02 00 FC 30 31 36 41 FB FE FD 01 00 02 01 00 40 00 07 01 21 19 01 0F 3E 00 FC 30 30 44 34 FB FF 01 FD 02 01 01 00 00 E0 00 07 01 21 00 19 00 3E 00 FC 30 31 36 34 FB FD 02 01 01 00 00 80 00 0E 01 21 64 00 14 01 04 15 01 01 16 02 02 01 FC 30 31 36 33 FB FD 02 01 01 00 00 80 00 0E 01 21 64 00 14 01 06 15 01 01 16 02 02 01 FC 30 31 36 35 FB FE FF 01 FE FD 01 00 02 01 00 00 00 04 01 21 14 15 FC 30 30 35 33 FB FF 01 FD 02 01 01 00 00 20 00 08 01 21 14 01 06 15 01 01 FC 30 30 38 30 FB FE FD 01 00 02 01 00 00 00 04 01 22 14 15 FC 30 30 35 34 FB FF 01 FD 02 01 01 00 00 20 00 08 01 22 14 01 03 15 01 00 FC 30 30 37 44 FB FE FD 01 00 02 01 00 00 00 06 01 21 1D 24 25 26 FC 30 30 42 38 FB FF 01 FD 02 01 01 00 00 20 00 15 01 21 1D 02 00 18 24 04 00 00 00 00 25 01 01 26 04 00 00 00 00 FC 30 31 30 42 FB FE 
2/7/2014 20:47:33.456 [TX] - FF 
2/7/2014 20:47:33.603 [RX] - FF 01 FE FD 01 00 02 01 00 00 00 05 01 21 22 23 1D FC 30 30 38 44 FB FF 01 FD 02 01 01 00 00 20 00 14 01 21 22 05 00 00 00 00 00 23 05 00 00 00 00 00 1D 02 00 18 FC 30 30 45 30 FB FE FD 01 00 02 01 00 00 00 04 01 21 14 15 FC 30 30 35 33 FB FF 01 FD 02 01 01 00 00 20 00 08 01 21 14 01 06 15 01 01 FC 30 30 38 30 FB FE FD 01 00 02 01 00 00 00 04 01 22 14 15 FC 30 30 35 34 FB FF 01 FD 02 01 01 00 00 20 00 08 01 22 14 01 03 15 01 00 FC 30 30 37 44 FB FE 
2/7/2014 20:47:34.312 [TX] - FF 
2/7/2014 20:47:34.419 [RX] - FF 01 FE FD 01 00 02 01 00 00 00 05 01 21 22 23 1D FC 30 30 38 44 FB FF 01 FD 02 01 01 00 00 20 00 14 01 21 22 05 04 00 00 00 00 23 05 04 00 00 00 00 1D 02 00 18 FC 30 30 45 38 FB FE FD 01 00 02 01 00 00 00 04 01 21 14 15 FC 30 30 35 33 FB FF 01 FD 02 01 01 00 00 20 00 08 01 21 14 01 06 15 01 01 FC 30 30 38 30 FB FE FD 01 00 02 01 00 00 00 04 01 22 14 15 FC 30 30 35 34 FB FF 01 FD 02 01 01 00 00 20 00 08 01 22 14 01 03 15 01 00 FC 30 30 37 44 FB FE 
2/7/2014 20:47:35.096 [TX] - FF 
2/7/2014 20:47:35.250 [RX] - FF 01 FE FD 01 00 02 01 00 00 00 05 01 21 22 23 1D FC 30 30 38 44 FB FF 01 FD 02 01 01 00 00 20 00 14 01 21 22 05 04 00 00 00 00 23 05 04 00 00 00 00 1D 02 00 18 FC 30 30 45 38 FB FE FD 01 00 02 01 00 00 00 04 01 21 14 15 FC 30 30 35 33 FB FF 01 FD 02 01 01 00 00 20 00 08 01 21 14 01 06 15 01 01 FC 30 30 38 30 FB FE FD 01 00 02 01 00 00 00 04 01 22 14 15 FC 30 30 35 34 FB FF 01 FD 02 01 01 00 00 20 00 08 01 22 14 01 03 15 01 00 FC 30 30 37 44 FB FE 
2/7/2014 20:47:35.888 [TX] - FF 
2/7/2014 20:47:36.066 [RX] - FF 01 FE FD 01 00 02 01 00 00 00 05 01 21 22 23 1D FC 30 30 38 44 FB FF 01 FD 02 01 01 00 00 20 00 14 01 21 22 05 04 00 00 00 00 23 05 04 00 00 00 00 1D 02 00 18 FC 30 30 45 38 FB FE FD 01 00 02 01 00 00 00 04 01 21 14 15 FC 30 30 35 33 FB FF 01 FD 02 01 01 00 00 20 00 08 01 21 14 01 06 15 01 01 FC 30 30 38 30 FB FE FD 01 00 02 01 00 00 00 04 01 22 14 15 FC 30 30 35 34 FB FF 01 FD 02 01 01 00 00 20 00 08 01 22 14 01 03 15 01 00 FC 30 30 37 44 FB FE 
2/7/2014 20:47:36.688 [TX] - FF 
2/7/2014 20:47:36.882 [RX] - FF 01 FE FD 01 00 02 01 00 00 00 05 01 21 22 23 1D FC 30 30 38 44 FB FF 01 FD 02 01 01 00 00 20 00 14 01 21 22 05 04 00 00 00 00 23 05 04 00 00 00 00 1D 02 00 18 FC 30 30 45 38 FB FE FD 01 00 02 01 00 00 00 04 01 21 14 15 FC 30 30 35 33 FB FF 01 FD 02 01 01 00 00 20 00 08 01 21 14 01 06 15 01 01 FC 30 30 38 30 FB FE FD 01 00 02 01 00 00 00 04 01 22 14 15 FC 30 30 35 34 FB FF 01 FD 02 01 01 00 00 20 00 08 01 22 14 01 03 15 01 00 FC 30 30 37 44 FB FE 
2/7/2014 20:47:37.473 [TX] - FF 
2/7/2014 20:47:37.713 [RX] - FF 01 FE FD 01 00 02 01 00 00 00 05 01 21 22 23 1D FC 30 30 38 44 FB FF 01 FD 02 01 01 00 00 20 00 14 01 21 22 05 04 00 00 00 00 23 05 04 00 00 00 00 1D 02 00 18 FC 30 30 45 38 FB FE FD 01 00 02 01 00 00 00 04 01 21 14 15 FC 30 30 35 33 FB FF 01 FD 02 01 01 00 00 20 00 08 01 21 14 01 06 15 01 01 FC 30 30 38 30 FB FE FD 01 00 02 01 00 00 00 04 01 22 14 15 FC 30 30 35 34 FB FF 01 FD 02 01 01 00 00 20 00 08 01 22 14 01 03 15 01 00 FC 30 30 37 44 FB FE 
2/7/2014 20:47:38.328 [TX] - FF 
2/7/2014 20:47:38.529 [RX] - FF 01 FE FD 01 00 02 01 00 00 00 05 01 21 22 23 1D FC 30 30 38 44 FB FF 01 FD 02 01 01 00 00 20 00 14 01 21 22 05 04 00 00 00 00 23 05 04 00 00 00 00 1D 02 00 18 FC 30 30 45 38 FB FE FD 01 00 02 01 00 00 00 04 01 21 14 15 FC 30 30 35 33 FB FF 01 FD 02 01 01 00 00 20 00 08 01 21 14 01 06 15 01 01 FC 30 30 38 30 FB FE FD 01 00 02 01 00 00 00 04 01 22 14 15 FC 30 30 35 34 FB FF 01 FD 02 01 01 00 00 20 00 08 01 22 14 01 03 15 01 00 FC 30 30 37 44 FB FE 
2/7/2014 20:47:39.160 [TX] - FF 
2/7/2014 20:47:39.345 [RX] - FF 01 FE FD 01 00 02 01 00 00 00 05 01 21 22 23 1D FC 30 30 38 44 FB FF 01 FD 02 01 01 00 00 20 00 14 01 21 22 05 04 00 00 00 00 23 05 04 00 00 00 00 1D 02 00 18 FC 30 30 45 38 FB FE FD 01 00 02 01 00 00 00 04 01 21 14 15 FC 30 30 35 33 FB FF 01 FD 02 01 01 00 00 20 00 08 01 21 14 01 06 15 01 01 FC 30 30 38 30 FB FE FD 01 00 02 01 00 00 00 04 01 22 14 15 FC 30 30 35 34 FB FF 01 FD 02 01 01 00 00 20 00 08 01 22 14 01 03 15 01 00 FC 30 30 37 44 FB FE 
2/7/2014 20:47:39.976 [TX] - FF 
2/7/2014 20:47:40.160 [RX] - FF 01 FE FD 01 00 02 01 00 00 00 05 01 21 22 23 1D FC 30 30 38 44 FB FF 01 FD 02 01 01 00 00 20 00 14 01 21 22 05 04 00 00 00 00 23 05 04 00 00 00 00 1D 02 00 18 FC 30 30 45 38 FB FE FD 01 00 02 01 00 00 00 04 01 21 14 15 FC 30 30 35 33 FB FF 01 FD 02 01 01 00 00 20 00 08 01 21 14 01 06 15 01 01 FC 30 30 38 30 FB FE FD 01 00 02 01 00 00 00 04 01 22 14 15 FC 30 30 35 34 FB FF 01 FD 02 01 01 00 00 20 00 08 01 22 14 01 03 15 01 00 FC 30 30 37 44 FB FE 
2/7/2014 20:47:40.824 [TX] - FF 
2/7/2014 20:47:40.992 [RX] - FF 01 FE FD 01 00 02 01 00 00 00 05 01 21 22 23 1D FC 30 30 38 44 FB FF 01 FD 02 01 01 00 00 20 00 14 01 21 22 05 04 00 00 00 00 23 05 04 00 00 00 00 1D 02 00 18 FC 30 30 45 38 FB FE FD 01 00 02 01 00 00 00 04 01 21 14 15 FC 30 30 35 33 FB FF 01 FD 02 01 01 00 00 20 00 08 01 21 14 01 06 15 01 01 FC 30 30 38 30 FB FE FD 01 00 02 01 00 00 00 04 01 22 14 15 FC 30 30 35 34 FB FF 01 FD 02 01 01 00 00 20 00 08 01 22 14 01 03 15 01 00 FC 30 30 37 44 FB FE 
2/7/2014 20:47:41.680 [TX] - FF 
2/7/2014 20:47:41.808 [RX] - FF 01 FE FD 01 00 02 01 00 00 00 05 01 21 22 23 1D FC 30 30 38 44 FB FF 01 FD 02 01 01 00 00 20 00 14 01 21 22 05 04 00 00 00 00 23 05 04 00 00 00 00 1D 02 00 18 FC 30 30 45 38 FB FE FD 01 00 02 01 00 00 00 04 01 21 14 15 FC 30 30 35 33 FB FF 01 FD 02 01 01 00 00 20 00 08 01 21 14 01 06 15 01 01 FC 30 30 38 30 FB FE FD 01 00 02 01 00 00 00 04 01 22 14 15 FC 30 30 35 34 FB FF 01 FD 02 01 01 00 00 20 00 08 01 22 14 01 03 15 01 00 FC 30 30 37 44 FB FE 
2/7/2014 20:47:42.529 [TX] - FF 
2/7/2014 20:47:42.623 [RX] - FF 01 FE FD 01 00 02 01 00 00 00 05 01 21 22 23 1D FC 30 30 38 44 FB FF 01 FD 02 01 01 00 00 20 00 14 01 21 22 05 04 00 00 00 00 23 05 04 00 00 00 00 1D 02 00 18 FC 30 30 45 38 FB FE FD 01 00 02 01 00 00 00 04 01 21 14 15 FC 30 30 35 33 FB FF 01 FD 02 01 01 00 00 20 00 08 01 21 14 01 06 15 01 01 FC 30 30 38 30 FB FE FD 01 00 02 01 00 00 00 04 01 22 14 15 FC 30 30 35 34 FB FF 01 FD 02 01 01 00 00 20 00 08 01 22 14 01 03 15 01 00 FC 30 30 37 44 FB FE 
2/7/2014 20:47:43.289 [TX] - FF 
2/7/2014 20:47:43.439 [RX] - FF 01 FE FD 01 00 02 01 00 00 00 05 01 21 22 23 1D FC 30 30 38 44 FB FF 01 FD 02 01 01 00 00 20 00 14 01 21 22 05 04 00 00 00 00 23 05 04 00 00 00 00 1D 02 00 18 FC 30 30 45 38 FB FE FD 01 00 02 01 00 00 00 04 01 21 14 15 FC 30 30 35 33 FB FF 01 FD 02 01 01 00 00 20 00 08 01 21 14 01 06 15 01 01 FC 30 30 38 30 FB FE FD 01 00 02 01 00 00 00 04 01 22 14 15 FC 30 30 35 34 FB FF 01 FD 02 01 01 00 00 20 00 08 01 22 14 01 03 15 01 00 FC 30 30 37 44 FB FE 
2/7/2014 20:47:44.241 [TX] - FF 
2/7/2014 20:47:44.271 [RX] - FF 01 FD 02 01 01 00 00 80 00 0E 01 21 64 00 14 01 03 15 01 00 16 02 02 01 FC 30 31 36 31 FB FE FD 01 00 02 01 00 00 00 05 01 21 22 23 1D FC 30 30 38 44 FB FF 01 FD 02 01 01 00 00 20 00 14 01 21 22 05 00 00 00 00 00 23 05 00 00 00 00 00 1D 02 00 00 FC 30 30 43 38 FB FE FD 01 00 02 01 00 00 00 04 01 21 14 15 FC 30 30 35 33 FB FF 01 FD 02 01 01 00 00 20 00 08 01 21 14 01 03 15 01 00 FC 30 30 37 43 FB FE FD 01 00 02 01 00 00 00 04 01 22 14 15 FC 30 30 35 34 FB FF 01 FD 02 01 01 00 00 20 00 08 01 22 14 01 03 15 01 00 FC 30 30 37 44 FB FE 
2/7/2014 20:47:45.032 [TX] - FF 
2/7/2014 20:47:45.086 [RX] - FF 01 FE FD 01 00 02 01 00 00 00 04 01 21 14 15 FC 30 30 35 33 FB FF 01 FD 02 01 01 00 00 20 00 08 01 21 14 01 03 15 01 00 FC 30 30 37 43 FB FE FD 01 00 02 01 00 00 00 04 01 22 14 15 FC 30 30 35 34 FB FF 01 FD 02 01 01 00 00 20 00 08 01 22 14 01 03 15 01 00 FC 30 30 37 44 FB FE FF 01 FE 
2/7/2014 20:47:45.927 [TX] - FF 
2/7/2014 20:47:45.931 [RX] - FD FF 20 A0 40 40 40 80 82 01 21 14 15 FC 30 30 35 33 FB FF 01 FD 02 01 01 00 00 20 00 08 01 21 14 01 03 15 01 00 FC 30 30 37 43 FB FE FD 01 00 02 01 00 00 00 04 01 22 14 15 FC 30 30 35 34 FB FF 01 FD 02 01 01 00 00 20 00 08 01 22 14 01 03 15 01 00 FC 30 30 37 44 FB FE 
2/7/2014 20:47:46.712 [TX] - FF 
2/7/2014 20:47:46.730 [RX] - FF 01 FE FD 01 00 02 01 00 00 00 04 01 21 14 15 FC 30 30 35 33 FB FF 01 FD 02 01 01 00 00 20 00 08 01 21 14 01 03 15 01 00 FC 30 30 37 43 FB FE FD 01 00 02 01 00 00 00 04 01 22 14 15 FC 30 30 35 34 FB FF 01 FD 02 01 01 00 00 20 00 08 01 22 14 01 03 15 01 00 FC 30 30 37 44 FB FE 
2/7/2014 20:47:47.528 [TX] - FF 
2/7/2014 20:47:47.545 [RX] - FF 01 FE FD 01 00 02 01 00 00 00 04 01 21 14 15 FC 30 30 35 33 FB FF 01 FD 02 01 01 00 00 20 00 08 01 21 14 01 03 15 01 00 FC 30 30 37 43 FB FE FD 01 00 02 01 00 00 00 04 01 22 14 15 FC 30 30 35 34 FB FF 01 FD 02 01 01 00 00 20 00 08 01 22 14 01 03 15 01 00 FC 30 30 37 44 FB FE FF 01 FE FD 01 00 02 01 00 
2/7/2014 20:47:48.408 [TX] - FF 
2/7/2014 20:47:48.409 [RX] - 00 00 04 01 21 14 15 FC 30 30 35 33 FB FF 01 FD 02 01 01 00 00 20 00 08 01 21 14 01 03 15 01 00 FC 30 30 37 43 FB FE FD 01 00 02 01 00 00 00 04 01 22 14 15 FC 30 30 35 34 FB FF 01 FD 02 01 01 00 00 20 00 08 01 22 14 01 03 15 01 00 FC 30 30 37 44 FB FE 