
NOZZLE1: 
	IDLE : FD 02 01 01 00 00 20 00 08 01 21 14 01 02 15 01 00 FC 30 30 37 42 FB FE 
	READY: 

NOZZLE2:
         FD 02 01 01 00 00 20 00 08 01 22 14 01 02 15 01 00 FC 30 30 37 43 FB FE
         FD 02 01 01 00 00 20 00 08 01 22 14 01 02 15 01 01 FC 30 30 37 44 FB FE 



//NOZZLE DOWN

NOZZLE1: FD 02 01 [01] 00 00 80 00 0E 01 [21] 64 00 14 01 06 15 01 00 16 02 02 01 FC 30 31 36 34 FB 
	 FD 02 01 [01] 00 00 80 00 0E 01 [21] 64 00 14 01 03 15 01 00 16 02 02 01 FC 30 31 36 31 FB FE 

NOZZLE2: FD 02 01 [01] 00 00 80 00 0E 01 [22] 64 00 14 01 06 15 01 00 16 02 02 01 FC 30 31 36 35 FB 
	 FD 02 01 [01] 00 00 80 00 0E 01 [22] 64 00 14 01 03 15 01 00 16 02 02 01 FC 30 31 36 32 FB FE 




****WORK****

NOZZLE1: FD 02 01 [01] 00 00 80 00 0E 01 [21] 64 00 14 01 06 15 01 01 16 02 02 01 FC 30 31 36 35 FB 
	 FD 02 01 [01] 00 00 80 00 0E 01 [21] 64 00 14 01 08 15 01 01 16 02 02 01 FC 30 31 36 37 FB FE

NOZZLE2: FD 02 01 [01] 00 00 80 00 0E 01 [22] 64 00 14 01 06 15 01 01 16 02 02 01 FC 30 31 36 36 FB 
	 FD 02 01 [01] 00 00 80 00 0E 01 [22] 64 00 14 01 08 15 01 01 16 02 02 01 FC 30 31 36 38 FB FE 


****END TRANSACTION****

NOZZLE1: FD 02 01 [01] 00 00 80 00 20 04 [21] 21 00 13 64 00 01 02 00 13 15 01 02 14 02 00 00 05 05 04 00 20 85 00 06 05 04 00 16 90 00 FC 30 33 30 44 FB 
	 FD 02 01 [01] 00 00 80 00 20 04 [21] 21 00 13 64 00 01 02 00 13 15 01 01 14 02 00 00 05 05 04 00 20 85 00 06 05 04 00 16 90 00 FC 30 33 30 43 FB 
	 FD 02 01 [01] 00 00 80 00 0E 01 [21] 64 00 14 01 03 15 01 00 16 02 02 01 FC 30 31 36 31 FB FE

NOZZLE2: FD 02 01 [01] 00 00 80 00 20 04 [22] 21 11 63 64 00 01 02 11 63 15 01 02 14 02 00 00 05 05 04 00 04 49 00 06 05 04 00 02 02 00 FC 30 32 44 36 FB 
	 FD 02 01 [01] 00 00 80 00 20 04 [22] 21 11 63 64 00 01 02 11 63 15 01 01 14 02 00 00 05 05 04 00 04 49 00 06 05 04 00 02 02 00 FC 30 32 44 35 FB 
	 FD 02 01 [01] 00 00 80 00 0E 01 [22] 64 00 14 01 03 15 01 00 16 02 02 01 FC 30 31 36 32 FB FE 





**************************** Pump Commands **************************** 

Communication Settings & Commands

H αντλία έχει (1 ID εως 99) και εως (1 nozzle εως 4 nozzles)

Η ανλτία σου στέλνει πακέτο με 1 αρχικό byte FD, (4)τέταρτο byte ID(01....16), 11 ενδέκατο byte Nozzle και 2 byte τελικό FB FF

Η κονσόλα στέλνει στην αντλία StartSendPacker FD [01] + ακολουθεί η εντολή + End Packet FB

**Όπου [01] είναι το ID της Αντλίας

GetStatusFromPump: 00 02 01 00 00 00 04 01 21 14 15

AuthoriseNozzle1:
AuthoriseNozzle2:

SetPriceNozzle στο authorise
